0	50.04
2	50.04
2	50.04
2	50.04
4	49.132
0	50.04
2	50.04
6	49.4347
2	50.04
2	48.8294
2	50.04
0	50.04
2	49.4347
10	48.5872
2	50.04
4	49.7373
4	49.4347
0	50.04
2	50.04
6	49.4347
2	48.8294
4	49.4347
0	50.04
2	49.4347
2	49.4347
2	48.8294
6	49.2329
4	49.7373
2	49.4347
0	50.04
4	49.7373
8	48.8294
4	49.132
0	50.04
0	50.04
0	50.04
4	49.7373
0	50.04
2	50.04
4	48.8294
8	47.77
2	50.04
2	50.04
8	48.0727
2	50.04
2	50.04
0	50.04
6	49.0311
8	49.132
0	50.04
6	48.8294
4	49.7373
4	49.4347
4	49.7373
0	50.04
4	49.7373
8	48.0727
2	50.04
4	49.132
0	50.04
4	49.7373
0	50.04
6	49.4347
6	49.2329
10	48.8294
0	50.04
6	48.224
2	50.04
8	48.678
2	50.04
4	49.4347
8	48.9807
12	48.1231
0	50.04
0	50.04
0	50.04
6	49.0311
0	50.04
8	49.132
2	49.4347
0	50.04
0	50.04
8	47.77
0	50.04
4	49.4347
6	47.6187
14	47.4458
4	49.7373
6	48.8294
4	49.132
16	46.6351
6	49.4347
2	50.04
4	49.132
10	48.7083
4	49.7373
4	49.4347
2	49.4347
22	45.1974
0	50.04
4	49.4347
14	47.7052
12	47.7196
2	50.04
12	47.8205
4	49.132
6	48.0223
4	49.4347
2	48.8294
4	49.4347
16	45.2731
0	50.04
8	48.5267
0	50.04
6	47.8205
2	50.04
6	48.224
4	48.8294
2	48.8294
4	49.7373
2	50.04
2	48.8294
14	47.3593
0	50.04
6	49.4347
8	48.678
2	50.04
8	48.0727
6	49.4347
6	48.8294
8	49.132
10	48.103
10	47.2555
4	49.7373
10	48.7083
10	48.5872
10	47.8608
0	50.04
4	49.7373
6	47.6187
14	48.224
2	50.04
8	48.8294
10	48.8294
24	43.7346
0	50.04
14	46.6675
2	48.8294
8	48.8294
0	50.04
10	47.9819
12	47.1143
14	46.2351
2	50.04
8	47.6187
10	48.3451
38	41.1832
6	49.4347
8	47.77
6	49.2329
20	46.7107
2	50.04
0	50.04
2	49.4347
16	46.9377
2	50.04
6	48.8294
0	50.04
6	49.0311
2	50.04
6	49.0311
4	49.4347
2	50.04
4	49.4347
0	50.04
4	49.7373
2	50.04
10	48.3451
46	38.6705
4	49.132
2	49.4347
4	49.7373
14	46.4945
4	49.7373
4	49.7373
0	50.04
2	50.04
0	50.04
2	50.04
12	46.509
54	31.5366
0	50.04
6	48.8294
14	47.3593
18	47.2152
0	50.04
6	47.8205
20	45.1974
24	45.4496
6	47.8205
6	48.8294
6	49.4347
60	30.3132
4	49.4347
10	48.4662
0	50.04
16	46.8621
2	50.04
6	48.8294
10	48.103
16	44.1381
2	50.04
6	48.224
4	49.4347
14	46.754
0	50.04
4	48.8294
6	49.2329
0	50.04
4	49.132
10	48.8294
4	49.7373
4	49.4347
4	49.132
38	40.6416
6	49.0311
8	48.678
8	48.3754
16	46.8621
2	50.04
6	48.8294
14	46.2351
26	44.0333
18	46.6771
22	43.7667
28	43.3382
124	13.623
8	49.132
14	47.3593
10	47.6187
18	45.5337
6	49.2329
6	49.2329
24	45.0965
24	44.239
28	44.203
36	41.1956
28	42.8194
124	13.9192
2	48.8294
12	38.7743
10	48.3451
36	41.9354
4	49.4347
6	49.4347
10	47.9819
20	45.1974
2	50.04
2	49.4347
4	49.132
20	44.0473
0	50.04
4	49.132
8	48.8294
0	50.04
4	48.8294
0	50.04
2	50.04
0	50.04
6	48.6276
54	35.5347
4	49.7373
12	47.4169
14	47.7052
8	47.77
2	50.04
18	46.2063
28	39.9369
34	41.4231
24	40.8256
16	45.2731
26	43.754
124	13.4993
6	49.2329
28	43.2085
6	49.0311
38	39.8132
4	49.132
18	45.3992
18	45.1974
32	42.0573
20	45.1974
30	42.0094
12	46.509
124	13.3952
0	50.04
38	35.9477
8	47.6187
34	41.1738
4	49.7373
12	47.8205
16	46.5594
16	46.6351
2	49.4347
6	48.0223
6	48.8294
62	31.8803
0	50.04
16	46.8621
6	49.0311
0	50.04
4	49.132
2	49.4347
6	48.8294
10	48.4662
6	48.8294
120	15.244
0	50.04
8	47.6187
6	49.2329
16	45.1974
0	50.04
22	46.4631
26	42.1708
24	42.2213
32	39.0811
32	42.1708
36	40.792
124	15.9662
6	49.4347
48	39.0433
14	47.0999
24	42.2717
4	48.8294
10	48.4662
26	43.4746
38	37.9654
14	40.4701
6	47.8205
20	44.1684
124	14.16
2	50.04
26	44.6852
14	46.4945
26	43.0089
4	49.132
4	49.7373
18	40.7808
22	43.3815
6	49.2329
24	43.8859
6	49.0311
124	14.3162
4	49.132
10	37.1265
2	48.8294
0	50.04
6	47.8205
0	50.04
4	48.8294
4	49.4347
8	47.77
96	22.3213
4	49.7373
16	47.6187
8	48.9807
20	43.6841
0	50.04
18	45.0629
26	39.9979
44	38.9241
18	45.9373
20	44.8342
28	42.1708
124	13.7206
8	48.5267
46	40.118
28	43.5112
96	24.7299
4	49.7373
22	44.6471
70	32.8488
124	17.3233
18	35.2881
28	42.5599
28	43.6409
124	14.7458
2	50.04
22	43.9868
4	48.8294
42	37.9335
0	50.04
16	47.0891
26	43.6143
28	43.7706
4	49.132
12	47.6187
12	47.8205
106	23.0517
2	50.04
8	47.9214
6	49.4347
2	50.04
12	48.0223
0	50.04
6	49.0311
12	47.4169
6	47.8205
64	32.5235
22	43.9868
8	48.8294
30	40.9602
64	32.2965
4	49.4347
18	45.2647
32	33.1666
56	35.3825
124	13.584
124	13.5937
52	34.0222
124	13.1153
104	17.6552
2	50.04
20	44.2894
16	46.4081
2	49.4347
74	31.4386
46	37.8546
10	48.8294
38	39.2398
50	35.1975
0	50.04
12	46.6098
2	50.04
0	50.04
10	47.7398
