0	50.04
2	50.04
4	49.7373
2	50.04
4	48.8294
6	49.2329
2	50.04
2	49.4347
0	50.04
12	48.5267
6	48.8294
0	50.04
0	50.04
10	47.9819
2	50.04
2	50.04
4	48.8294
2	49.4347
2	50.04
10	48.8294
4	49.7373
0	50.04
4	48.8294
6	48.8294
0	50.04
2	49.4347
0	50.04
6	49.2329
2	49.4347
0	50.04
2	50.04
4	49.7373
2	50.04
2	50.04
0	50.04
6	49.2329
8	49.132
4	49.7373
2	50.04
2	50.04
8	47.77
4	49.7373
6	49.4347
10	47.6187
0	50.04
2	50.04
4	49.132
8	48.0727
12	48.5267
0	50.04
16	47.543
14	47.7052
8	47.77
0	50.04
6	47.8205
2	48.8294
6	49.0311
0	50.04
8	48.678
8	49.132
6	48.8294
0	50.04
8	49.132
6	49.4347
14	47.3593
4	49.7373
8	48.3754
4	49.7373
6	49.0311
2	50.04
6	48.224
2	50.04
10	47.8608
2	50.04
2	50.04
2	50.04
4	49.7373
0	50.04
4	49.7373
4	49.4347
0	50.04
4	48.8294
4	48.8294
2	50.04
2	50.04
4	49.4347
22	46.4631
2	50.04
0	50.04
6	47.6187
2	48.8294
2	50.04
4	49.7373
6	48.8294
10	48.224
4	49.4347
2	49.4347
18	46.7444
26	44.6387
2	50.04
8	48.3754
4	49.132
6	48.8294
2	49.4347
8	48.8294
6	48.8294
8	47.77
2	49.4347
2	48.8294
8	48.8294
20	46.8318
4	48.8294
6	48.8294
4	49.7373
14	46.6675
4	49.7373
4	49.132
4	49.7373
8	47.77
0	50.04
4	49.4347
0	50.04
4	49.132
0	50.04
0	50.04
6	48.8294
0	50.04
4	49.7373
6	49.0311
2	50.04
2	50.04
4	48.8294
18	45.5337
4	49.132
4	48.8294
12	47.6187
12	48.3249
0	50.04
6	48.8294
10	48.5872
12	46.8116
2	48.8294
8	48.3754
6	49.2329
34	40.7109
2	50.04
6	49.0311
12	47.316
16	47.316
0	50.04
2	48.8294
2	49.4347
20	46.9529
8	49.132
0	50.04
2	50.04
12	46.509
2	49.4347
14	47.9646
12	48.1231
14	47.3593
0	50.04
8	49.132
2	49.4347
8	48.678
0	50.04
0	50.04
0	50.04
24	44.7434
0	50.04
6	49.4347
0	50.04
0	50.04
2	50.04
4	49.7373
2	50.04
0	50.04
14	47.9646
20	45.258
0	50.04
4	49.132
2	48.8294
6	47.6187
2	50.04
6	48.8294
14	46.6675
14	47.3593
2	50.04
6	49.2329
14	47.0134
50	35.8109
0	50.04
2	48.8294
10	46.5291
12	46.4081
0	50.04
0	50.04
4	48.8294
20	45.5001
2	50.04
2	48.8294
4	49.132
74	30.9642
2	50.04
4	49.132
8	47.9214
30	44.1885
0	50.04
0	50.04
8	47.9214
20	45.4395
2	49.4347
4	49.7373
4	49.7373
28	42.214
0	50.04
6	49.0311
2	50.04
8	49.132
10	48.4662
6	48.224
10	47.9819
4	49.7373
2	49.4347
40	38.2967
4	49.7373
0	50.04
8	48.678
16	46.9377
6	49.4347
4	48.8294
26	40.6032
26	43.1486
12	47.4169
36	40.9265
26	42.3571
124	13.6425
2	50.04
8	47.6187
20	45.6211
32	40.8845
2	49.4347
10	48.3451
12	47.316
30	43.22
6	48.8294
18	45.1974
12	47.5178
90	23.9304
6	49.2329
20	45.1369
2	50.04
20	43.8657
0	50.04
6	48.8294
10	47.8608
14	47.3593
2	50.04
6	48.0223
6	48.6276
22	45.6377
2	50.04
14	47.5322
4	49.7373
2	48.8294
4	48.8294
12	48.3249
6	49.4347
8	48.8294
4	48.8294
50	37.7883
4	49.7373
12	47.0134
8	48.5267
22	45.4726
2	50.04
16	47.316
16	46.0297
26	43.5677
16	45.2731
22	44.0968
22	43.3815
124	13.5775
6	49.4347
26	43.5677
22	45.9678
40	39.5982
0	50.04
10	47.8608
24	43.3815
24	43.331
24	45.7523
36	43.5496
40	42.6853
124	12.907
4	49.132
24	44.3903
8	49.132
28	43.6841
2	50.04
20	45.1369
8	47.77
14	46.3216
4	49.7373
6	47.6187
4	49.4347
44	37.2182
0	50.04
4	49.7373
6	48.6276
2	50.04
2	48.8294
10	48.8294
8	48.0727
2	50.04
12	46.8116
80	26.9621
4	49.7373
10	48.4662
14	46.8404
12	46.4081
2	50.04
12	48.0223
42	40.989
18	45.2647
18	47.0134
26	43.5211
30	43.0586
124	14.3097
4	48.8294
22	44.7572
8	47.9214
48	36.4202
8	49.132
14	45.6298
18	43.9868
36	39.2451
16	46.8621
30	44.35
50	38.6357
124	15.4195
0	50.04
40	36.047
8	47.6187
36	40.8929
0	50.04
8	48.8294
10	47.7398
26	43.1486
12	48.0223
10	48.4662
12	48.4258
122	16.5389
6	49.4347
2	50.04
6	48.8294
0	50.04
10	47.7398
0	50.04
6	49.0311
0	50.04
16	47.8457
124	17.997
0	50.04
14	46.0622
8	47.6187
24	44.0372
4	49.7373
16	45.5757
26	45.3371
56	33.545
14	47.1863
44	38.5389
24	43.4319
124	13.1934
4	49.132
118	15.0749
70	32.0533
124	17.294
4	48.8294
26	43.4746
124	14.9411
124	14.5017
18	44.4576
30	41.3234
38	40.1318
124	13.7695
8	48.678
32	41.679
12	46.6098
54	33.6963
4	49.7373
10	47.0134
18	45.2647
36	42.6752
0	50.04
12	47.4169
2	48.8294
102	28.7469
2	50.04
8	47.6187
6	47.6187
8	49.132
8	47.9214
0	50.04
0	50.04
16	45.5757
0	50.04
40	37.9335
44	39.9696
6	48.8294
36	40.6575
82	28.8094
4	49.4347
22	43.9868
20	45.1974
36	39.9849
122	13.81
120	13.0413
32	43.6084
124	14.9606
124	14.0038
0	50.04
28	42.6897
26	44.7783
4	48.8294
58	34.3434
42	39.2018
4	48.8294
28	42.9058
54	34.6827
4	49.4347
6	48.8294
0	50.04
0	50.04
18	46.0718
