1451.16	45.3487
1740.59	45.805
1899.72	43.1754
3399.72	39.5316
4065.05	35.0435
2019.01	43.8916
1932.74	43.926
2421.94	41.7575
1587.07	44.0852
2112.89	42.2578
2691.35	40.7781
2934.95	39.6614
3423.74	37.2145
4369.09	22.7557
2802.24	41.2094
1941.75	44.1307
2243.99	41.5554
2183.15	43.6629
2105.88	43.8726
3073.66	38.4207
3422.14	38.0237
2959.57	39.9941
4269.21	27.0203
2026.22	44.0483
2407.32	44.5801
2462.57	41.0428
1610.49	44.7358
1712.97	45.0781
1903.32	43.2573
2873.5	41.05
1633.31	45.3696
4240.79	31.1823
1664.53	46.237
1036.63	47.1195
1024.62	46.5736
1114.49	46.4371
1871.7	44.5642
2422.14	43.2524
2564.65	42.7442
2183.55	41.9913
2921.54	38.4413
1488.99	46.5309
1988.39	43.2259
2584.67	40.3854
2997.6	38.4307
1625.5	45.1528
2159.13	43.1825
3238.19	37.6534
3137.31	39.2163
2124.3	42.486
2660.53	42.9117
3260.61	36.229
4765.21	20.7183
2591.67	43.1945
2096.68	41.9335
2650.12	41.4081
3805.84	33.3846
1923.14	43.7077
2186.15	43.723
2488.79	40.1418
3758.4	32.9685
2424.34	41.7989
3653.52	38.8672
1984.79	43.1475
4929.14	26.2188
2102.88	43.81
3570.85	36.4373
2132.1	42.6421
3421.74	36.4014
1457.16	45.5364
2746.2	39.2314
2713.17	42.3933
3525.82	38.3241
2326.66	41.5475
2645.71	40.0866
1372.7	45.7566
3592.27	35.9227
1132.51	47.1877
931.144	46.5572
1101.28	45.8867
938.951	46.9475
2277.02	42.167
1599.08	44.4188
1565.05	46.0309
2133.91	42.6781
3455.96	39.2723
3768.01	33.0527
1372.1	45.7366
2714.17	41.1238
1849.48	44.0352
3466.37	35.3711
1935.75	43.9943
2358.49	42.1158
3448.36	37.4821
3625.9	34.2066
2795.43	39.9348
2573.26	40.2071
3646.11	35.7462
3686.75	15.6218
2135.31	44.4856
3790.23	35.0947
2463.77	41.0628
4313.65	32.1914
2285.63	43.9544
2993.99	38.3845
3659.93	38.1242
4064.45	27.8387
3066.45	38.3306
3313.65	37.6551
3343.47	39.8032
3736.99	14.9479
2409.53	43.0273
3475.38	35.463
1994.39	43.3564
4112.29	31.633
1022.22	46.4644
3159.33	38.5284
2444.75	42.1509
3264.81	36.2757
1851.28	44.0781
3137.31	39.2163
1623.1	45.086
3292.23	38.2818
682.546	48.7533
1741.19	45.8208
836.469	46.4705
764.011	47.7507
2041.63	42.534
2865.89	42.1455
2511.21	41.8535
2322.26	44.6588
3149.72	41.4437
3798.04	33.3161
1200.76	46.1831
1899.72	43.1754
3705.36	37.8098
3514.61	34.457
2238.19	43.0421
1987.19	43.1997
3406.52	35.4846
4034.02	32.0161
3263.41	40.7926
3039.03	38.9619
2990.99	38.346
3933.34	15.9892
2450.76	42.2545
2828.86	39.2897
3561.05	37.8835
4167.33	25.7243
2266.21	41.9669
3604.48	36.7804
2489.99	40.1611
4043.63	32.0923
2344.07	41.8585
3518.21	36.648
2775.22	40.812
3412.13	13.6485
2104.68	43.8476
3721.37	35.1073
2825.66	41.5538
4178.54	28.6201
1397.32	46.5772
2986.79	38.2921
2157.92	43.1585
4130.3	31.7716
1897.92	43.1345
2803.44	41.2271
1453.56	45.4238
3575.66	34.3813
572.257	47.6881
1626.1	45.1694
2157.92	43.1585
1121.1	46.7123
2016.41	42.0086
1849.48	44.0352
1984.19	43.1345
1596.08	44.3354
2958.97	39.986
4108.08	34.8143
1627.9	45.2195
2783.63	40.9357
3055.24	39.1698
4206.16	31.3893
2221.58	44.4315
2652.32	40.1867
2730.78	40.1586
4064.25	31.2635
2436.95	42.0163
2942.35	40.866
3658.32	36.5832
3667.53	14.7884
2638.91	42.5631
3523.22	35.2322
3149.32	39.3665
4247.6	25.9
1890.31	45.0074
2510.01	41.8334
3173.54	37.7802
4137.91	28.7355
2341.27	43.3569
3325.86	38.6728
2924.14	39.5154
4175.34	26.0959
2273.62	43.7234
3238.59	36.8021
3042.83	40.0373
4203.56	25.3227
2138.11	42.7622
2542.23	41.0037
2508.2	41.8034
3914.13	31.5656
1718.97	45.2362
2638.11	41.2204
1893.91	45.0932
4068.05	30.3586
763.41	47.7131
1600.28	44.4522
2037.63	44.2963
858.086	47.6714
2857.48	42.0218
1854.88	44.1639
1984.79	43.1475
1673.34	44.0352
3049.64	41.2113
4115.69	31.1795
1681.14	44.2406
2884.51	38.9798
3469.17	34.6917
4115.49	32.1523
1542.23	45.3598
3283.22	38.177
4260.21	31.7926
4137.11	33.9107
2489.19	41.4865
3096.28	37.7595
3340.67	37.9622
3728.98	15.5374
1500.2	44.1235
3434.55	37.332
3259.01	39.744
4476.18	26.9649
1762.61	44.0652
2922.14	38.4492
3473.78	38.5975
4209.56	24.4742
2800.64	42.4339
3256	37
2736.79	40.2469
4099.08	16.3963
2148.92	42.9784
3616.89	32.8808
3295.63	40.1907
4347.88	28.6044
1769.81	44.2454
3061.65	38.2706
2633.91	41.1548
3941.15	35.1888
1538.03	45.2362
2667.93	40.4232
1933.35	43.9397
3769.61	34.2692
1115.09	46.4621
1721.98	45.3152
1377.5	45.9167
1024.62	46.5736
2298.04	42.5562
2192.55	42.1645
2099.88	43.7475
1947.16	44.2536
2745.39	41.5969
4053.84	30.7109
2485.99	41.4331
2485.99	41.4331
3398.52	36.9404
3319.25	36.0788
2554.24	41.1974
2632.7	41.136
3243.39	36.8567
4064.85	32.781
2790.03	39.8576
3199.96	38.0947
3753.2	37.532
3806.84	15.3502
1887.31	44.9359
3393.31	35.347
3419.73	37.997
4399.52	25.8795
2199.76	42.303
3646.51	37.2093
3077.46	39.4546
4272.01	30.0846
2096.68	41.9335
2386.51	41.1467
3368.89	35.8393
4345.27	19.7512
2103.48	43.8225
3391.31	36.8621
2538.63	40.9456
4091.87	30.0873
1280.42	45.7294
3689.75	35.4784
2885.31	40.0737
4196.55	27.6089
2458.77	43.9065
3904.72	35.4975
1557.24	45.8013
4150.32	29.6451
849.079	47.171
2265.61	41.9558
1451.16	45.3487
1133.71	47.2378
2630.9	41.1079
2297.44	42.5451
2027.82	42.2463
1848.88	44.0209
2920.93	38.4334
3747	34.6944
2560.65	44.1491
3080.46	39.4931
2778.22	40.8562
4671.53	24.0801
2163.93	43.2786
2787.83	40.9975
3823.26	35.4005
4092.87	28.4227
2017.21	43.8524
3228.18	38.4307
3237.19	38.5379
4112.49	17.4258
2191.95	42.1529
3466.37	35.3711
3805.84	35.2393
4126.9	32.2414
1934.55	43.967
2381.1	41.0535
3555.84	34.1908
4281.62	27.8027
2519.41	40.6357
4581.06	34.705
3803.84	36.5754
3623.9	14.7313
1792.03	44.8008
3421.13	36.3951
2902.52	39.2232
4356.88	28.6637
2444.75	42.1509
3559.85	37.8707
2973.78	39.1286
3840.47	33.1075
2552.04	42.534
2349.48	41.955
2217.77	42.6495
3812.05	34.0361
1042.03	47.3651
1761.41	44.0352
2104.08	43.835
671.737	47.9812
2288.43	42.3783
2678.94	41.8585
2144.31	44.6732
1670.34	43.9562
2871.7	41.0242
3847.48	34.3525
3256.4	38.7667
2672.54	39.302
3933.34	33.3334
4028.62	29.1929
2716.57	41.1602
3602.88	37.53
3998.2	30.7554
4247.6	26.8835
1675.74	44.0984
3636.51	35.652
4105.48	34.2123
3726.78	14.9071
2733.18	40.1939
3457.96	37.5866
3171.54	39.6442
4219.97	17.4379
1950.76	44.3354
3003.6	38.5077
3860.69	36.4216
3993.39	17.2129
2181.74	41.9566
3411.93	37.9103
3356.28	38.1396
4269.61	23.2044
2616.09	42.195
3905.32	35.5029
2735.59	40.2292
4693.15	25.7865
2388.51	42.652
3906.32	33.1044
2602.08	40.6575
4374.7	26.3536
1979.58	44.9905
3508.2	37.3213
1551.24	45.6247
3755.4	32.9421
855.084	47.5046
1823.06	43.4061
2400.32	41.3848
1305.04	46.6087
2684.95	41.9523
1547.04	45.5011
1685.95	44.367
3322.06	37.7506
3298.24	38.3516
4421.13	29.0864
3446.35	13.7854
3399.12	39.5246
3404.92	35.4679
3924.94	15.6997
1290.03	46.0725
3657.92	35.1723
4075.26	33.4038
3263.01	38.8453
3778.02	32.5691
4547.64	21.2506
2590.07	40.4699
4291.83	17.5895
4498	23.9255
1996.8	43.4086
3810.85	34.0254
3187.55	38.8725
2572.06	40.1884
3779.02	15.8782
4442.75	28.1187
2653.52	40.2049
4213.57	17.1283
4031.42	36.6493
1944.75	44.199
3171.74	37.7588
1277.42	45.6222
2149.12	44.7733
2357.28	42.0944
