124	1141.23
8	390.635
124	1122.27
124	1234.45
124	1322.43
124	939.461
124	1316.37
124	1392.65
124	1359.96
124	1161.41
124	1337.76
124	1349.06
124	1166.25
124	1632.35
124	950.356
124	1052.86
124	1075.46
124	1153.34
124	663.03
124	1259.07
124	1191.68
124	1484.25
124	1615.81
124	985.062
122	1733.24
124	1551.64
46	1416.45
72	863.594
110	2267.94
124	1671.09
124	1674.73
124	1259.07
122	1105.72
54	1713.06
8	385.792
114	1368.43
116	1444.7
124	587.97
124	1642.04
124	1428.56
124	1577.47
124	1321.22
122	1239.7
124	1481.02
124	1606.12
124	1204.59
124	1377.31
124	1635.99
124	1632.35
122	748.179
76	1713.87
118	1536.31
124	1742.93
124	788.13
124	1631.14
124	1311.53
124	1075.46
124	845.03
124	1264.32
124	1628.72
124	1548.82
124	490.311
118	1690.87
98	2117.82
124	1689.66
124	1839.37
124	1652.93
124	1509.67
124	1422.51
48	1766.33
124	1545.99
124	1406.37
124	1594.82
124	760.689
124	1570.61
124	1553.66
124	1604.91
60	2152.53
124	1425.33
124	1513.31
124	1718.31
124	1582.31
124	1577.47
122	1628.72
124	2376.9
120	1748.17
122	1554.87
98	1385.79
108	2577.46
122	1692.48
124	1566.98
72	1869.64
116	1814.35
124	1642.44
124	1417.67
44	1793.77
50	1804.67
124	1545.19
124	1655.76
124	1187.24
124	1603.7
124	1365.2
124	1261.49
122	1435.02
124	1520.57
124	1581.1
124	1482.23
18	527.841
114	1890.22
60	1888.61
124	1692.89
124	1539.13
124	1617.02
124	1479.81
124	1547.61
74	2535.09
124	1554.87
124	1688.04
124	1564.56
106	1041.56
124	1637.6
102	1805.48
124	1602.49
34	1372.06
124	1680.78
124	1625.49
116	1692.48
120	1587.56
124	1633.56
60	1689.25
102	1816.37
114	1719.52
124	1634.77
42	1645.27
124	2135.17
122	1607.74
124	1482.23
62	1935.01
124	1790.14
124	1638.81
124	1468.92
28	1229.21
36	1116.62
86	1667.46
124	1777.63
124	1300.64
124	1566.98
124	1498.78
124	1418.88
124	1767.95
124	1390.22
124	1628.72
124	1521.38
30	1092.81
90	1826.06
54	1756.24
120	1676.34
108	1601.28
124	1684.41
124	1564.56
124	1423.72
90	1682.39
124	1643.65
124	1734.45
124	1653.74
20	890.631
120	1809.11
48	1543.57
124	1607.74
26	845.837
124	1688.04
124	1566.98
106	1951.56
114	1748.17
120	1636.79
50	1672.3
124	2409.59
112	1787.32
124	1642.44
90	2409.18
124	1664.64
124	1537.12
124	1498.78
122	1691.27
124	1648.09
124	1556.08
124	1550.03
32	1064.96
82	1809.51
62	1403.14
124	1677.15
124	1502.81
124	1733.64
122	1477.39
124	1337.76
120	1832.51
124	1420.49
124	1615.81
124	1521.38
38	1508.06
94	2479.4
42	1026.22
124	1683.2
120	1575.86
124	1621.86
124	1576.26
124	1497.57
104	2025.01
124	1504.43
124	1633.56
124	1555.28
18	741.318
120	1854.3
46	1589.58
124	1681.99
64	1905.56
124	1643.25
124	1603.7
10	477.398
112	1803.46
72	2002.41
78	2411.2
76	2157.77
124	1555.68
124	1631.55
122	2200.55
122	1600.88
124	1560.93
124	1236.47
76	1834.93
110	1788.12
124	1689.25
124	1723.15
16	724.369
54	1737.28
68	1666.25
122	1866.81
124	1611.37
122	1600.07
124	1446.32
124	1338.97
106	2331.7
122	1464.48
124	1602.49
124	1390.22
24	973.762
84	2038.32
44	1170.69
124	1694.5
106	1904.75
124	1646.88
124	1563.75
124	1646.88
104	2115
124	1577.47
124	1612.18
124	1534.69
30	1257.86
86	1763.91
44	1618.23
122	1663.02
62	1514.92
118	1647.28
124	1646.88
6	290.555
122	2215.48
80	2372.46
60	1686.83
54	1840.18
124	1636.39
124	1582.31
124	1475.78
124	1637.6
124	1632.35
124	1446.32
2	0
76	1232.84
122	1723.15
120	2720.32
32	1349.47
46	1775.21
124	1573.44
124	1817.58
122	1452.37
124	1603.7
124	1447.53
124	1390.22
120	1632.35
124	1493.13
124	1629.93
124	1472.55
26	1069
54	1548.82
34	1391.43
124	1617.02
46	1435.02
122	1673.92
124	1618.63
122	1614.6
124	1772.79
124	1628.72
124	1628.72
124	1285.3
30	1171.1
124	1656.16
62	2155.76
120	1664.64
2	100.08
78	2277.22
60	1953.98
0	0
80	1725.98
68	2045.59
52	1762.7
48	1943.09
124	1554.47
124	1648.09
124	1513.71
124	1542.36
124	1632.35
124	1573.84
8	380.95
24	848.259
120	2021.78
122	1899.91
42	1687.64
36	1430.98
114	1560.93
124	1758.26
124	1531.47
124	1609.75
124	1525.01
124	1501.2
116	1575.86
124	1550.43
124	1627.51
124	1558.5
24	879.735
96	1717.1
24	1054.47
124	1671.09
4	198.949
54	1963.67
44	1163.03
102	2375.29
124	1597.24
124	1663.83
124	1627.51
124	1529.85
26	1177.55
122	1505.64
50	1742.93
120	1707.01
12	578.688
90	2307.89
92	2089.17
8	389.424
54	1911.61
26	1096.44
52	1616.61
26	1097.65
120	1702.17
80	2234.45
64	1237.28
100	2467.7
124	1661.81
124	1452.77
24	1094.42
34	1205.8
122	1664.23
124	1678.36
16	632.764
40	1445.11
114	1440.26
78	1843.81
124	1681.99
124	1633.56
124	1470.13
124	1504.83
124	1536.31
122	1540.75
124	1638.41
124	1521.38
12	556.897
98	1675.94
30	1181.99
124	1801.84
8	389.424
80	2458.42
36	1366.41
122	1935.42
98	1589.58
124	1681.99
124	1667.87
122	1427.35
14	643.66
112	1814.76
38	1546.8
124	1704.99
2	97.6587
98	2301.84
104	2339.77
4	198.949
64	1985.86
28	1264.32
12	581.11
122	1548.42
124	1638.41
124	1600.07
124	1629.93
4	195.317
62	1251
114	2250.99
10	483.451
30	1329.29
124	1573.44
122	1571.82
124	1626.3
124	1416.45
122	1175.13
124	1584.73
124	1626.3
2	100.08
124	1613.79
18	826.871
18	791.762
124	1790.95
112	1456.41
124	1656.57
124	1648.09
124	1633.56
8	385.792
124	1862.38
30	1331.71
6	285.712
122	1756.24
