1202.57	9.69818
487.083	48.7083
1190.47	9.60055
1277.63	10.3035
1398.7	11.2798
846.645	6.82778
1197.33	9.65587
1104.11	8.9041
988.694	7.97334
1142.45	9.21327
1398.7	11.2798
1329.69	10.7233
1311.53	10.5769
1558.5	12.5686
931.39	7.51121
918.073	7.40381
1101.69	8.88457
983.851	7.93428
741.722	5.98163
1232.84	9.94226
1213.07	9.78279
1381.35	11.1399
1632.35	13.1641
972.148	7.8399
1601.28	12.9135
1439.46	11.6085
1732.03	19.2448
1194.91	12.7118
1837.76	14.8206
1645.67	13.2715
1684.41	13.584
1485.87	11.9828
1085.14	9.68876
2000.79	21.285
987.079	44.8672
1376.91	11.1041
1462.46	11.794
577.074	4.65382
1593.21	12.8485
1285.3	10.3653
1528.64	12.3278
910.002	7.33872
1087.56	8.77067
1368.84	11.039
1602.49	12.9233
1004.43	8.10026
1257.05	10.1375
1623.07	13.0893
1588.37	12.8094
539.141	4.34791
1984.65	16.0052
1485.06	11.9763
1648.09	13.2911
701.367	5.65619
1637.2	13.2032
1337.76	10.7884
1416.45	11.423
801.447	6.46328
1263.91	10.1929
1603.7	12.9331
1286.51	10.3751
550.44	4.43903
1291.76	10.5882
2115.8	18.5597
1652.13	13.3236
1531.87	12.3538
1625.49	13.1088
1526.22	12.3082
1390.22	11.2115
2030.66	29.0094
1414.84	11.41
1265.12	10.2026
1633.56	13.1739
803.868	6.48281
1525.01	12.2985
1607.33	12.9624
1634.77	13.1837
1745.35	34.9069
1289.34	10.3979
1610.97	12.9917
1661.81	13.8484
1434.61	11.5695
1311.53	10.7503
1301.85	10.4988
1390.63	11.3986
1663.02	13.6313
1627.51	13.1251
1501.2	13.1684
1776.42	15.314
1582.72	12.7638
1503.62	12.126
1493.53	17.7801
2180.78	19.1296
1719.52	13.8671
1495.15	12.0576
1437.84	35.9461
1613.39	31.0267
1327.67	11.8542
1654.14	13.3399
1225.17	9.88043
1637.2	13.2032
1365.2	11.0097
1382.15	11.3291
1183.61	9.54522
1421.7	11.4653
1601.28	12.9135
1312.74	10.5866
930.583	46.5291
1134.37	9.45312
1767.95	23.8912
1669.08	13.4603
1584.73	12.7801
1632.35	13.1641
1584.73	12.7801
1552.45	12.5198
2123.47	20.0328
1619.44	13.06
1601.28	12.9135
1537.12	12.3961
1104.11	16.7289
2085.94	17.0979
1648.09	35.8281
1688.85	13.6198
1998.37	24.9796
1620.65	13.0698
1612.18	13.2146
1424.93	11.4914
1612.18	13.0014
1634.77	13.1837
1514.52	23.6643
1343.82	11.5846
1675.94	13.9661
1596.03	12.8712
2118.23	31.1504
1765.52	14.2381
1612.58	13.0047
1534.69	12.3766
1230.02	38.438
1604.51	14.8566
1656.57	13.3594
1633.56	13.1739
1012.1	42.1708
1767.54	35.3508
1555.68	14.9585
1665.44	14.6092
1281.27	10.3328
1628.72	13.1348
1499.99	12.0967
1287.72	10.3849
1346.64	10.86
1522.59	12.2789
1607.33	12.9624
1337.76	10.7884
1110.97	42.7296
1977.39	16.4782
1849.06	31.8803
1697.73	13.6914
1500.8	14.7137
1691.67	13.6425
1540.75	12.4254
1637.2	13.2032
1832.11	20.3568
1623.48	13.0925
1627.91	13.1283
1577.47	12.7215
742.529	46.4081
1630.34	13.1479
2202.57	31.4652
1605.32	12.9461
1746.96	33.5954
1652.13	13.3236
1626.3	13.1153
175.947	9.77484
1653.74	14.5065
2347.44	24.4525
2721.53	32.3992
2195.71	29.6717
1531.06	12.5497
1606.53	12.9559
2050.03	22.7781
1738.89	14.0233
1490.71	12.0218
1345.03	10.847
1651.72	13.3204
1561.33	13.2316
1603.7	12.9331
1628.72	13.1348
1007.66	45.8027
2084.73	27.4307
1306.69	21.7782
1587.56	12.8029
1232.84	9.94226
1588.77	12.8127
1218.72	9.82836
1346.24	10.8568
1215.08	9.79907
1282.48	10.3426
1587.16	12.7996
1473.76	11.8852
754.635	47.1647
1177.15	16.8164
1189.26	37.1643
2585.13	20.8478
1758.26	14.6522
1627.51	13.1251
1524.2	12.292
1649.3	13.3008
2273.59	20.669
1616.21	13.034
1626.7	13.1186
1479.81	11.934
1167.47	41.6952
1947.93	16.2327
2256.64	31.3423
1655.76	13.3529
195.317	48.8294
2113.38	27.8077
2342.6	27.8881
380.95	47.6187
1683.6	14.5138
1754.63	14.1502
1519.76	31.6617
2033.88	33.8981
1661.41	13.3985
1686.43	13.6002
1634.77	13.1837
1560.12	12.5816
1639.62	13.2227
1521.38	12.2692
190.475	23.8094
866.822	18.844
1983.44	22.5391
2363.99	21.4908
1871.66	38.9929
2225.97	35.9028
1834.53	20.3837
1709.03	13.7825
1309.92	10.5639
1643.65	13.2553
1495.15	12.0576
1180.38	9.51919
1517.75	12.2399
1317.99	10.6289
1642.04	13.2422
1292.57	10.4239
930.179	38.7575
1738.08	15.2463
1606.53	38.2506
1686.83	13.6035
1479	26.4108
1646.48	13.4957
1593.61	12.8517
1690.46	14.326
2089.57	19.713
1691.67	13.6425
1573.84	12.6922
1367.63	11.0292
723.159	45.1974
1654.95	13.7913
2234.45	36.0395
1712.66	13.8118
97.6587	48.8294
2294.58	22.0632
1917.26	16.5281
198.949	49.7373
1885.78	17.4609
2150.91	25.0106
1801.04	29.049
1848.66	34.2344
1474.57	12.7118
1635.18	13.1869
1632.35	13.1641
1635.99	13.1934
1627.51	13.1251
1626.3	13.1153
1397.49	41.1026
1579.89	24.6858
1776.42	14.326
1908.78	15.6458
1230.02	41.0005
1409.19	37.084
1698.13	14.6391
1619.84	13.0633
1378.52	11.4877
1575.05	12.702
1417.67	11.4328
1261.49	10.1733
1470.53	11.8591
1337.76	10.7884
1608.54	12.9721
1337.76	10.7884
961.656	43.7116
1627.91	15.0733
1611.77	40.2943
2066.97	16.6692
0	50.04
2251.8	24.4761
1299.02	27.063
1690.87	13.8596
1617.83	13.2609
1643.25	13.252
1626.3	13.1153
1521.38	12.2692
896.685	37.3619
1426.54	11.8879
2529.84	21.809
1717.1	13.8476
0	50.04
1993.93	33.2322
2200.95	28.2173
294.187	49.0311
1926.14	28.3255
2214.67	31.6382
1921.29	34.3088
1922.91	33.1536
1954.38	15.7612
1631.55	13.1576
1643.25	14.1659
2087.15	18.3084
1641.23	13.4527
1573.84	12.6922
464.081	38.6734
1516.94	31.6029
1806.28	15.0524
1668.67	13.457
1052.05	37.5732
1713.47	35.6972
1658.99	15.6508
1753.42	14.1405
1461.25	11.9774
1604.1	12.9363
1345.03	10.847
1259.07	10.1538
1298.62	10.8218
1442.69	11.6346
1631.14	13.1544
1471.34	11.8656
542.369	33.8981
1433.81	12.8019
1969.72	32.8287
2027.43	19.4945
195.317	48.8294
1991.91	34.3434
426.551	19.3887
2311.93	23.5911
1443.49	11.6411
1635.99	13.1934
1626.3	13.1153
1527.43	12.318
1120.65	43.1021
1688.04	14.3054
1690.87	38.4288
1698.94	13.7011
0	50.04
2108.94	27.0377
2019.76	28.8537
198.949	49.7373
1741.31	37.8546
1096.44	42.1708
288.134	48.0223
1061.74	44.239
2251.8	22.0765
1960.44	15.81
1256.25	36.9484
2269.15	18.2996
1686.83	13.6035
1576.66	12.715
100.08	50.04
655.766	46.8404
2561.73	25.115
1747.36	14.3227
791.762	43.9868
1119.44	43.0555
1824.85	18.6209
2008.86	16.2005
1318.8	10.6355
1633.56	13.1739
1471.34	11.8656
1337.76	10.7884
1479.81	11.934
1503.62	12.126
1628.72	13.1348
1446.32	11.6639
388.214	48.5267
1843.81	17.3945
1052.05	40.4635
2665.03	21.4922
294.187	49.0311
2326.05	23.2605
1224.37	43.7274
1843.01	14.8629
1574.65	21.279
1736.47	14.0038
1710.64	13.7955
1404.75	11.3286
967.709	43.9868
1838.16	15.0669
813.554	45.1974
1672.3	13.4863
296.608	49.4347
2278.43	22.3376
2400.71	20.0059
0	50.04
1979.4	32.9901
292.976	48.8294
294.187	49.0311
1529.04	13.4127
1878.92	20.8769
1652.93	13.3301
1576.26	12.7118
1373.68	42.9275
1899.1	27.9279
1832.11	14.7751
476.187	47.6187
648.502	40.5314
1303.06	10.5085
1320.01	10.6452
1626.3	13.1153
1363.99	10.9999
1483.44	11.9633
1499.99	12.0967
1626.3	13.1153
0	50.04
1990.3	16.867
988.29	44.9223
1234.86	41.1619
1677.15	13.5254
1395.47	11.4383
1697.73	13.6914
1600.07	12.9038
1632.35	13.1641
393.056	49.132
1757.05	14.402
1616.21	44.8948
1151.73	41.1331
1734.45	34.689
