481.03	48.103
757.057	47.316
556.897	46.4081
2105.72	21.0572
1873.27	15.107
558.107	46.509
1097.65	42.2174
974.973	44.317
388.214	48.5267
956.813	11.9602
1558.91	41.0239
1674.73	13.5059
1650.51	13.3106
1629.12	13.1381
506.05	21.0854
755.846	47.2404
902.738	45.1369
570.214	47.5178
805.079	40.254
1080.7	41.5655
1741.31	14.0428
1838.16	14.8239
1584.73	12.7801
855.119	22.5031
389.424	48.678
1266.33	42.2112
913.634	45.6817
100.08	50.04
1345.83	42.0573
2589.17	24.8958
468.923	46.8923
1673.92	13.4993
286.923	47.8205
294.187	49.0311
100.08	50.04
560.529	46.7107
389.424	48.678
558.107	46.509
1054.47	43.9363
1805.48	39.2495
1613.79	13.0144
100.08	50.04
569.003	47.4169
650.924	46.4945
1041.15	43.3815
0	50.04
560.529	46.7107
1410.4	37.1158
2232.83	31.8976
842.205	14.0368
1663.83	36.1702
1671.5	37.9886
1606.93	13.1716
197.739	49.4347
1528.24	34.7327
389.424	48.678
2110.56	25.7385
296.608	49.4347
464.081	46.4081
1565.77	37.2802
1918.47	17.1292
974.166	20.2951
1374.49	40.4261
1572.63	37.4435
1694.5	13.6653
100.08	50.04
2260.27	37.6712
285.712	47.6187
1801.44	37.53
488.294	48.8294
791.762	43.9868
561.739	46.8116
1749.79	38.0388
564.161	40.2972
1332.11	39.1798
97.6587	48.8294
1632.76	13.1674
0	50.04
636.396	39.7747
196.528	49.132
100.08	50.04
930.179	35.7761
1079.9	44.9956
1029.05	34.3016
1336.96	39.3222
1285.3	40.1657
1762.3	14.2121
296.608	49.4347
1573.44	32.7799
380.95	47.6187
2241.71	28.0214
488.294	48.8294
560.529	46.7107
1824.44	16.0039
1939.05	31.275
1396.28	41.067
2457.61	37.2365
1712.66	14.0382
1652.93	13.3301
888.21	44.4105
1686.83	13.6035
1691.67	13.6425
1730.42	13.955
1428.96	42.0284
2085.54	24.8278
1631.95	13.1609
1684.41	13.584
1012.1	38.9269
1715.08	31.7608
1617.42	38.51
1713.47	13.8183
195.317	48.8294
1387.8	40.8177
922.108	46.1054
1930.17	30.1589
488.294	48.8294
567.793	47.316
902.334	30.0778
2004.42	32.3294
918.476	38.2698
962.866	43.7667
1237.68	44.203
1882.96	15.1851
100.08	50.04
813.554	40.6777
829.292	46.0718
294.187	49.0311
1330.9	35.0238
1012.1	42.1708
1432.19	35.8048
1986.27	35.469
1696.92	38.5664
1589.58	12.8192
196.528	49.132
2004.42	35.7933
649.713	46.4081
1988.69	16.3007
97.6587	48.8294
1110.97	42.7296
1940.66	15.9071
1841.39	15.3449
1372.06	40.3548
2123.88	33.1855
2309.51	29.6091
1674.73	13.5059
192.896	32.1494
2361.57	22.2789
1750.19	39.777
1820	14.6774
464.081	38.6734
1621.46	33.7804
1731.63	18.4216
1807.49	14.8155
2376.09	33.9442
2335.74	29.9454
2332.11	36.4392
1621.86	13.0795
292.976	48.8294
1958.82	25.774
650.924	46.4945
2375.29	30.4524
560.529	46.7107
1383.36	43.2301
1991.91	32.1277
1844.62	15.1198
1676.74	33.5349
1228.8	40.9602
968.92	44.0418
1623.07	13.0893
0	50.04
1338.57	39.3697
633.975	45.2839
100.08	50.04
1210.65	37.8327
1722.34	39.1442
1732.03	33.3083
1770.37	38.4862
2027.43	36.2041
1621.05	13.073
100.08	50.04
1911.61	30.8324
481.03	48.103
1880.94	16.215
294.187	49.0311
737.686	46.1054
1786.11	31.8947
2397.88	26.064
843.416	35.1423
1779.24	35.5849
1944.3	27.7757
1716.69	13.8443
2466.08	31.6165
1677.15	13.5254
1658.99	13.3789
1499.99	12.0967
1652.93	41.3234
2140.42	17.2615
1611.37	12.9949
1487.08	11.9925
1257.86	41.9287
1441.47	36.0369
1939.05	31.275
1647.28	13.2846
100.08	50.04
2050.83	29.2976
1355.12	39.8563
2398.69	25.518
294.187	49.0311
380.95	47.6187
1672.3	26.9727
2315.16	33.0737
1230.02	34.1671
1596.44	36.2827
1892.24	39.4216
1593.61	12.8517
0	50.04
1178.36	39.2787
1510.48	39.7495
100.08	50.04
1328.88	39.0848
1831.71	38.1605
1761.09	31.4479
1634.37	38.9136
1614.6	36.6954
1625.9	13.1121
100.08	50.04
1856.32	35.6985
464.081	46.4081
2376.09	29.7012
484.662	48.4662
1161.41	41.479
2108.94	27.0377
1843.01	14.8629
1613.79	35.0824
1487.48	39.1442
2230.82	28.6002
1645.67	13.2715
2495.54	20.4553
1585.95	12.9996
1368.84	11.039
1548.82	12.4905
2060.92	32.2019
1635.58	13.1902
1606.53	12.9559
1560.93	12.5881
1252.61	34.7948
1937.03	21.0547
1765.52	32.6949
1630.34	13.3634
197.739	49.4347
1813.95	34.8837
836.556	46.4753
1755.84	14.16
292.976	48.8294
289.344	48.224
1849.06	29.8235
2129.12	24.7572
1421.3	37.4026
1541.55	38.5389
1542.77	38.5691
1664.23	13.4212
0	50.04
1709.03	37.1528
1266.33	42.2112
100.08	50.04
1600.88	38.1161
1389.01	40.8533
1332.11	37.0031
1924.93	35.6468
1228.8	40.9602
1602.09	12.9201
384.582	48.0727
1817.18	31.3307
633.975	45.2839
2207.41	19.709
195.317	48.8294
968.92	44.0418
1778.03	17.7803
2292.96	25.4774
1052.05	37.5732
2110.15	35.1692
1922.1	26.6958
1772.79	14.2967
2085.94	27.4466
1791.75	14.4496
1608.14	12.9689
1559.71	12.5783
2079.08	23.1009
1555.68	12.5458
1612.18	13.0014
1510.89	12.1846
1180.78	42.1708
2076.66	23.074
1809.11	39.3284
1617.02	13.0405
0	50.04
1464.48	38.5389
195.317	48.8294
2208.62	19.7198
195.317	48.8294
840.188	46.6771
2017.34	16.8112
1756.65	14.3987
2350.67	30.9299
1524.2	33.1348
1471.74	38.73
1624.28	13.0991
100.08	50.04
1230.02	41.0005
1799.02	37.4796
0	50.04
1291.35	35.871
1556.89	43.2469
1407.98	37.0521
1639.21	39.0289
1692.08	38.4563
1638.41	13.213
100.08	50.04
2142.84	23.2918
1100.07	42.3105
2335.74	28.4846
748.582	46.7864
1591.19	39.7798
2381.34	19.5192
1818.79	15.4135
1291.35	40.3548
1366.01	40.1768
1946.31	22.1172
1634.77	13.1837
1793.37	16.9186
1635.99	13.1934
1604.91	12.9428
1551.24	12.51
1835.74	18.3574
1671.09	13.4766
1648.5	13.2943
1616.21	13.034
820.817	45.601
2098.45	22.8093
2007.65	38.6087
1643.25	13.252
290.555	48.4258
1723.56	15.3889
1096.44	42.1708
2224.76	30.0644
97.6587	48.8294
958.024	43.5465
2164.23	29.2464
2050.03	16.5325
1757.45	38.2055
2053.25	36.6653
1665.85	39.663
1714.68	13.828
0	50.04
1179.17	34.6814
1498.78	41.6327
0	50.04
470.134	47.0134
1025.42	42.7257
1219.12	35.8565
911.212	45.5606
1052.05	43.8354
1660.2	13.3887
286.923	47.8205
1813.95	15.1163
1856.73	32.0125
2184.81	17.9083
723.159	45.1974
2052.85	30.189
1660.2	13.3887
1608.54	12.9721
482.24	48.224
878.525	36.6052
1624.28	28.0049
1791.35	14.6832
1956.4	32.6067
1709.03	13.7825
1566.17	12.6304
1639.62	13.2227
2063.75	18.4263
1652.13	14.0011
1652.93	13.3301
1645.67	13.2715
476.187	47.6187
1458.42	34.7244
380.95	47.6187
2740.5	22.4631
390.635	48.8294
1924.52	15.7748
2623.47	25.7203
1835.74	14.8044
288.134	48.0223
1688.85	35.1844
2176.34	23.1525
1959.23	22.2639
1340.59	37.2385
1140.02	43.8471
1041.15	43.3815
1619.44	13.2741
0	50.04
1310.73	40.9602
1221.54	40.718
198.949	49.7373
1041.15	43.3815
98.8694	49.4347
0	50.04
195.317	48.8294
1001.61	45.5276
2279.24	21.9158
1594.02	13.9826
834.135	46.3408
1832.51	36.6503
1668.67	13.457
198.949	49.7373
724.369	45.2731
965.288	43.8767
832.924	37.8602
2346.23	30.0799
1935.82	16.6881
1856.73	15.4727
1628.72	13.1348
1628.72	13.1348
98.8694	49.4347
1784.49	30.7671
902.738	45.1369
1635.58	38.9424
1713.47	13.8183
1683.2	13.5742
97.6587	48.8294
1947.12	15.7026
2825.24	28.829
0	50.04
966.498	43.9317
0	50.04
0	50.04
1373.28	40.3904
