1177.15	9.49315
797.815	44.3231
1186.84	9.57126
1400.31	11.2928
1174.73	9.47362
839.381	6.7692
1205	9.71771
1235.26	9.96179
925.336	7.46239
1137.6	9.17422
1265.12	10.2026
1312.74	10.5866
1206.61	9.73072
1448.74	11.6834
764.321	6.16388
1023	8.24996
865.611	6.98074
791.762	6.38518
786.919	6.34612
1232.84	9.94226
1048.42	8.45499
1371.26	11.0585
1497.57	12.0772
906.37	7.30943
1604.91	12.9428
1377.31	11.1073
2033.48	16.399
1142.85	9.21652
1534.69	12.3766
1637.6	13.2064
1702.57	13.7304
1535.91	12.3863
1476.58	11.9079
2278.84	18.9903
807.5	44.8611
1180.78	9.52244
1597.24	13.0922
524.613	4.23075
1610.97	12.9917
1101.69	8.88457
1525.01	12.2985
961.252	7.75203
1025.42	8.26949
1186.43	9.568
1521.38	12.2692
935.022	7.5405
1094.83	8.82925
1457.21	11.7517
1635.99	13.1934
621.465	5.01181
1411.61	11.384
1344.62	10.8437
1604.91	12.9428
636.799	5.13548
1422.51	11.4718
1259.07	10.1538
1390.22	11.2115
661.819	5.33725
1131.55	9.1254
1550.03	12.5002
1390.22	11.2115
337.77	2.72395
1213.87	9.7893
1792.56	14.4561
1650.92	13.3138
1427.35	11.5109
1559.71	12.5783
1445.11	11.6541
1442.69	11.6346
2270.36	24.1528
1431.39	11.5434
1265.12	10.2026
1497.57	12.0772
751.407	6.05973
1583.52	12.7704
1606.12	12.9526
1632.35	13.1641
2590.38	30.1207
1251	10.0887
1563.35	12.6076
1742.52	14.0526
1502.41	12.1162
1635.99	13.1934
1371.66	11.0618
1713.47	13.8183
1490.71	12.0218
1627.51	13.1251
1264.72	10.1994
1707.82	13.7727
1637.2	13.2032
1521.38	12.2692
1110.16	14.2328
1504.83	16.3569
1717.1	13.8476
1615	13.0242
1192.08	27.0928
1909.19	34.0926
1604.1	13.3675
1585.95	12.7899
1331.31	10.7363
1605.32	12.9461
1377.31	11.1073
1348.66	10.8763
1060.53	8.55262
1320.01	10.6452
1603.7	12.9331
1390.22	11.2115
1025.42	42.7257
1415.65	13.1078
1718.71	17.5379
1677.15	13.5254
1193.7	9.62658
1601.28	12.9135
1525.01	12.2985
1603.7	12.9331
2028.64	16.9053
1420.89	11.4588
1601.28	12.9135
1558.5	12.5686
828.888	13.8148
1640.02	13.8985
780.866	35.4939
1690.46	13.6328
1440.67	26.679
1695.31	13.6718
1587.56	12.8029
1709.03	14.9915
1547.2	13.1119
1656.57	13.3594
1748.58	27.3215
2062.54	24.554
1616.21	13.9329
1602.49	12.9233
2278.84	22.3415
1677.55	13.7504
1526.22	12.3082
1579.89	12.7411
2192.07	34.2512
1995.55	16.3569
1646.88	13.2813
1604.91	12.9428
741.318	46.3324
768.76	32.0317
1188.45	18.5695
2121.05	17.1052
1322.83	10.668
1626.3	13.1153
1181.59	9.52895
1548.82	12.4905
1184.82	9.87348
1363.99	10.9999
1629.93	13.1446
1311.53	10.5769
471.345	47.1345
1495.15	13.844
1289.74	32.2435
2463.66	19.8682
1758.66	14.9039
1665.04	13.4277
1531.06	12.3473
1579.89	12.7411
2025.01	20.2501
1468.11	11.8396
1660.2	13.3887
1499.99	12.0967
724.369	45.2731
1654.55	13.5619
2013.3	26.4908
1600.47	12.907
367.633	30.636
1717.1	13.8476
1713.47	13.8183
195.317	48.8294
2124.68	28.7119
2081.91	18.5884
2320.4	22.7491
1976.58	31.8803
1733.64	13.981
1551.24	12.51
1900.71	22.6275
1653.74	13.3366
1660.2	13.3887
1471.34	11.8656
1649.71	20.6213
1654.55	13.5619
1585.95	12.7899
1628.72	13.1348
1369.64	40.2836
2123.07	24.6868
1910.4	22.2139
1656.57	13.3594
1286.51	10.3751
1642.04	13.2422
1232.84	9.94226
1447.53	11.6736
1409.19	11.5507
1320.01	10.6452
1626.3	13.1153
1548.82	12.4905
1439.46	39.9849
2294.17	27.3116
1312.74	34.5459
1827.27	14.736
1845.83	15.9123
1638.81	13.2162
1601.68	12.9168
1640.83	13.2325
1859.55	17.2181
1551.64	12.7184
1639.62	13.2227
1550.03	12.5002
1064.16	44.3399
1886.19	16.2602
2110.15	29.3077
1671.09	13.4766
288.134	48.0223
2037.11	27.5285
2207.81	27.5977
390.635	48.8294
2063.34	16.6399
1692.89	13.6523
1865.2	31.0867
2203.78	28.2536
1541.96	12.4351
1641.63	13.239
1686.83	13.8265
1598.05	12.8875
1628.72	13.1348
1521.38	12.2692
488.294	48.8294
755.443	25.1814
2560.92	20.6526
1997.16	19.2035
1343.82	31.9956
1589.17	36.1176
2057.29	21.4301
1560.52	13.0043
1405.16	11.3319
1655.36	13.3496
1521.38	12.2692
1313.95	10.5964
1614.19	13.2311
1427.75	11.5141
1628.72	13.1348
1363.99	10.9999
2135.17	36.8134
1724.77	14.373
3329.68	31.4121
1637.6	13.2064
97.6587	24.4147
1971.74	26.6451
1376.1	14.9576
2190.06	36.501
2119.44	18.9235
1657.78	13.3692
1626.3	13.1153
1453.58	11.7224
703.788	39.0994
1733.24	14.2069
939.864	42.7211
1791.75	16.2887
294.187	49.0311
2302.65	20.1987
2195.3	34.3016
296.608	49.4347
1851.48	24.3616
2083.12	28.1502
2072.22	31.3973
2322.82	31.3895
1421.3	11.4621
1606.12	12.9526
1335.34	10.9454
1583.93	12.7736
1600.07	12.9038
1573.84	12.6922
1107.74	46.1558
1745.35	22.9651
1736.07	14.23
1704.99	13.7499
1566.17	41.215
1836.55	36.731
1429.37	11.7161
1579.08	12.7346
1345.03	10.847
1637.2	13.2032
1442.69	11.6346
1259.07	10.1538
1496.36	12.0674
1522.59	12.2789
1627.51	13.1251
1468.92	11.8461
567.793	47.316
1854.3	19.3157
1464.48	38.5389
1872.46	15.1005
384.582	48.0727
2253.82	25.0424
1518.55	24.4928
2724.36	21.9706
1692.89	13.8761
1629.93	13.1446
1608.54	12.9721
1499.99	12.0967
1361.57	42.5491
1542.77	14.2849
2085.54	20.0533
1647.69	13.5056
197.739	49.4347
2545.58	25.4558
2503.61	24.5452
0	50.04
2288.12	27.9039
2156.97	31.7201
1206.21	40.2069
1801.04	36.0207
1799.83	15.5157
1646.88	13.2813
1394.66	17.4333
1997.56	18.8449
1872.06	15.0973
1613.79	13.0144
285.712	35.714
1523.4	38.0849
1884.17	17.1288
1713.47	15.2988
543.58	33.9737
1709.43	35.6131
1704.99	14.4491
1715.89	13.8378
1376.5	11.1008
1643.25	13.252
1368.84	11.039
1363.99	10.9999
1637.6	13.2064
1337.76	10.7884
1627.51	13.1251
1442.69	11.6346
936.636	46.8318
1391.03	15.1199
1100.07	42.3105
2042.76	16.4739
0	50.04
2575.85	25.7585
1033.89	36.9247
2065.36	17.2113
1641.23	14.6539
1643.25	13.252
1644.46	13.2618
1523.8	12.2887
1179.57	42.1276
1840.18	14.8402
1759.87	39.9971
1654.55	13.3431
285.712	47.6187
1790.95	28.8863
2134.77	33.3558
0	50.04
1590.38	34.5736
1350.68	42.2086
860.365	35.8485
900.316	45.0158
2185.62	22.7669
1784.89	14.3943
1644.46	39.1538
1835.74	14.8044
1660.2	13.3887
1592	12.8387
295.397	49.2329
1167.87	44.918
2495.54	20.1253
1822.42	14.697
720.737	45.0461
1324.04	41.3763
1533.48	13.9408
1758.66	14.4153
1414.03	11.4035
1628.72	13.1348
1470.13	11.8559
1496.36	12.0674
1435.83	11.7691
1446.32	11.6639
1627.51	13.1251
1418.88	11.4425
917.265	45.8633
1586.35	14.4214
1015.73	42.3221
1928.56	16.0713
565.371	47.1143
2345.83	19.2281
1857.13	34.3913
1730.42	13.955
1506.04	30.1209
1706.61	14.7121
1694.5	13.6653
1479.81	11.934
824.449	45.8027
1884.57	15.4473
1518.15	42.1708
1646.88	13.2813
195.317	48.8294
1991.51	20.3215
1992.72	17.48
198.949	49.7373
1567.79	37.3282
0	50.04
294.187	49.0311
1819.2	23.9368
2115	17.625
1646.88	13.2813
1628.72	13.1348
632.764	39.5477
1645.27	25.7073
1791.35	16.5866
477.398	47.7398
1084.74	45.1974
1255.84	10.1278
1236.88	9.9748
1644.46	13.2618
1390.22	11.2115
1372.06	11.065
1526.22	12.3082
1626.3	13.1153
100.08	50.04
1412.02	13.5771
1433.81	42.1708
389.424	48.678
1765.52	14.2381
1632.76	13.6063
1774	14.3064
1640.83	13.2325
1628.72	13.1348
97.6587	48.8294
1793.37	14.6997
650.924	46.4945
294.187	49.0311
2473.35	27.4816
