12	569.003
10	483.451
20	884.578
124	2042.76
124	1798.21
6	289.344
26	1127.92
42	1700.96
16	724.369
96	1121.46
24	1059.31
124	1655.36
124	1673.52
124	1662.62
28	601.287
12	556.897
38	1574.65
12	559.318
32	742.125
36	1475.78
124	1673.52
124	1681.99
124	1588.37
44	1256.25
10	485.872
20	872.472
28	1214.68
4	197.739
24	1012.1
124	2151.72
34	1414.44
122	1667.87
8	390.635
8	380.95
0	0
12	547.212
18	824.449
24	1007.66
14	653.345
26	1160.61
124	1761.89
4	197.739
16	735.265
20	879.735
26	1103.7
2	98.8694
18	841.398
26	1039.94
76	2254.62
88	913.23
30	1223.96
40	1566.98
124	1749.79
2	100.08
42	1599.67
20	899.106
66	2053.25
4	196.528
22	988.29
36	1439.46
122	1845.02
78	1292.97
50	1737.28
30	1266.33
124	1650.92
2	100.08
48	1757.05
6	286.923
50	1796.19
2	97.6587
26	1175.13
20	906.37
40	1511.29
16	737.686
24	1056.89
8	389.424
124	1749.79
0	0
6	294.187
10	482.24
4	195.317
22	907.58
20	878.525
24	966.498
32	1343.41
36	1414.03
124	1767.14
2	98.8694
42	1512.9
14	663.03
50	1776.82
2	100.08
18	815.975
92	1782.47
62	1986.27
40	1541.96
56	1886.99
98	2000.79
124	1617.02
28	1149.31
124	1628.32
124	1664.23
122	1612.18
8	383.371
68	1767.54
86	1968.91
124	1782.88
50	1835.74
58	1988.69
64	2194.09
124	1712.26
0	0
40	1504.43
10	467.713
62	1964.47
0	0
12	575.056
38	1488.69
68	2212.66
20	879.735
26	1081.91
36	1458.83
124	1734.05
0	0
24	1083.53
22	1006.45
2	100.08
46	1540.34
38	1531.06
44	1448.34
50	1724.77
36	1476.99
124	1635.99
6	292.976
66	2105.72
20	882.157
124	1882.96
6	296.608
28	1180.78
86	2298.21
120	1744.54
50	1841.39
68	2035.9
92	2393.45
124	1603.7
12	482.24
124	2015.32
116	2835.73
124	1732.43
22	1012.5
54	2007.65
124	2306.28
124	1716.29
42	1493.13
80	2087.56
62	2000.79
124	1692.89
4	198.949
82	2014.92
28	1261.9
76	2119.03
4	195.317
14	650.924
44	1632.76
108	1777.23
38	1544.38
46	1830.9
46	1777.63
118	1585.54
0	0
14	632.764
26	1150.92
6	291.765
38	1493.94
42	1621.05
50	1734.85
28	1146.88
50	1745.35
124	1660.2
2	98.8694
66	2100.47
12	576.267
120	1889.82
2	100.08
14	641.238
50	1773.6
72	2098.05
42	1635.58
52	1820
46	1635.18
124	1703.78
106	2301.44
124	1630.34
124	1611.37
124	1632.35
32	1266.33
124	1796.6
124	1634.37
124	1577.87
40	1445.11
58	1766.33
56	1933
124	1596.03
8	389.424
46	1651.32
14	638.817
108	2202.16
4	196.528
12	570.214
70	1951.16
92	2454.78
30	1196.52
52	1925.33
44	1641.23
124	1580.7
4	198.949
30	1096.44
30	1232.44
6	292.976
42	1511.69
42	1578.68
32	1271.98
38	1543.17
52	1892.64
124	1658.18
0	0
66	2008.46
14	649.713
82	2097.24
2	97.6587
6	285.712
58	1803.46
86	2425.73
58	1977.79
68	2271.98
72	2148.9
124	1606.53
56	1472.55
114	2271.57
122	2120.24
124	1673.52
106	2420.08
124	1649.3
124	1631.14
124	1556.08
36	1181.59
92	2038.32
38	1464.48
124	1667.87
6	289.344
54	1888.61
16	723.159
124	1767.95
0	0
4	195.317
64	2140.82
88	2146.88
54	1864.8
50	1905.15
44	1633.97
124	1669.88
4	198.949
44	1516.94
28	1155.36
4	195.317
46	1658.18
40	1552.45
32	1276.83
56	2003.21
32	1286.51
122	1663.02
2	97.6587
54	1821.21
14	654.555
118	2248.57
4	196.528
18	815.975
84	2439.05
122	2344.62
32	1237.28
60	1912.82
92	1862.38
124	1689.25
80	2106.12
124	1732.84
124	1463.27
124	1526.22
110	2111.37
124	1523.4
124	1635.99
124	1393.86
26	961.656
80	2108.14
28	1167.47
124	1582.31
0	0
34	1292.57
12	570.214
110	1913.63
4	195.317
2	98.8694
122	1903.13
92	2480.21
58	1819.2
40	1541.55
22	976.184
124	1730.82
4	196.528
38	1409.19
28	1180.78
2	100.08
32	1293.78
40	1592.4
52	1834.93
38	1510.48
46	1678.36
124	1669.88
8	388.214
74	2033.88
18	738.897
102	2386.18
16	759.478
28	1224.37
122	1900.31
124	1769.16
30	1285.71
36	1461.25
58	1601.28
124	1681.18
118	2049.22
124	1690.46
124	1498.38
124	1637.2
122	2023.8
124	1562.14
124	1641.23
124	1483.44
14	542.369
78	1691.67
62	2006.85
124	1639.62
4	197.739
88	2292.96
12	566.582
84	2173.11
6	286.923
8	380.95
122	2221.13
118	1809.11
38	1395.87
52	1905.96
52	1927.75
124	1598.05
4	197.739
54	1778.03
34	1407.17
8	393.056
24	1061.74
22	954.392
12	567.793
10	466.502
8	380.95
120	2766.32
2	100.08
124	1806.69
70	2278.84
124	1798.21
4	195.317
42	1526.62
78	2147.68
78	1855.11
46	1836.95
54	2102.89
112	2972.54
124	1702.57
20	439.868
64	1963.26
76	1374.49
120	2231.22
106	2321.61
124	1714.68
124	1639.62
124	1424.93
12	470.134
42	1446.32
10	476.187
124	2148.09
4	195.317
124	1728.4
118	2425.33
120	1800.63
4	197.739
40	1534.29
60	1721.54
96	2359.55
34	1273.6
22	954.392
38	1581.91
124	1668.67
2	98.8694
20	791.762
30	1282.07
0	0
26	1152.13
0	0
0	0
4	195.317
0	0
100	2039.13
80	2171.09
42	1638
112	2903.53
124	1643.25
2	98.8694
26	1016.94
32	1333.73
22	970.13
104	2445.1
124	1611.77
122	1614.6
124	1627.51
124	1626.3
2	98.8694
100	2255.43
12	556.897
14	632.764
76	2316.37
124	1836.95
20	908.791
118	2133.56
122	2167.86
0	0
6	285.712
6	292.976
0	0
32	1305.88
