12	47.4169
10	48.3451
20	44.2289
124	16.4739
124	14.5017
6	48.224
26	43.3815
42	40.499
16	45.2731
96	11.6819
24	44.1381
124	13.3496
124	13.4961
124	13.4082
28	21.4745
12	46.4081
38	41.438
12	46.6098
32	23.1914
36	40.9938
124	13.4961
124	13.5644
124	12.8094
44	28.551
10	48.5872
20	43.6236
28	43.3815
4	49.4347
24	42.1708
124	17.3526
34	41.6011
122	13.671
8	48.8294
8	47.6187
0	50.04
12	45.601
18	45.8027
24	41.9858
14	46.6675
26	44.6387
124	14.2088
4	49.4347
16	45.9541
20	43.9868
26	42.4502
2	49.4347
18	46.7444
26	39.9979
76	29.6661
88	10.3776
30	40.7987
40	39.1745
124	14.1112
2	50.04
42	38.0873
20	44.9553
66	31.1099
4	49.132
22	44.9223
36	39.9849
122	15.1231
78	16.5765
50	34.7455
30	42.2112
124	13.3138
2	50.04
48	36.6052
6	47.8205
50	35.9239
2	48.8294
26	45.1974
20	45.3185
40	37.7822
16	46.1054
24	44.0372
8	48.678
124	14.1112
0	50.04
6	49.0311
10	48.224
4	48.8294
22	41.2537
20	43.9262
24	40.2708
32	41.9816
36	39.2787
124	14.2511
2	49.4347
42	36.0215
14	47.3593
50	35.5365
2	50.04
18	45.3319
92	19.3747
62	32.0365
40	38.549
56	33.6963
98	20.4163
124	13.0405
28	41.0466
124	13.1316
124	13.4212
122	13.2146
8	47.9214
68	25.9933
86	22.8943
124	14.378
50	36.7148
58	34.2877
64	34.2827
124	13.8085
0	50.04
40	37.6107
10	46.7713
62	31.6851
0	50.04
12	47.9214
38	39.1761
68	32.5391
20	43.9868
26	41.612
36	40.523
124	13.9843
0	50.04
24	45.147
22	45.7477
2	50.04
46	33.4857
38	40.2911
44	32.9167
50	34.4953
36	41.0274
124	13.1934
6	48.8294
66	31.9048
20	44.1078
124	15.1851
6	49.4347
28	42.1708
86	26.7233
120	14.5378
50	36.8278
68	29.9397
92	26.0157
124	12.9331
12	40.1867
124	16.2526
116	24.446
124	13.9712
22	46.0229
54	37.1788
124	18.599
124	13.8411
42	35.5507
80	26.0944
62	32.2709
124	13.6523
4	49.7373
82	24.5722
28	45.0677
76	27.882
4	48.8294
14	46.4945
44	37.1081
108	16.4558
38	40.6416
46	39.8022
46	38.6441
118	13.4368
0	50.04
14	45.1974
26	44.2662
6	48.6276
38	39.3141
42	38.5965
50	34.6971
28	40.9602
50	34.9069
124	13.3887
2	49.4347
66	31.8253
12	48.0223
120	15.7485
2	50.04
14	45.8027
50	35.4719
72	29.1396
42	38.9424
52	35.0001
46	35.5473
124	13.7402
106	21.7117
124	13.1479
124	12.9949
124	13.1641
32	39.573
124	14.4887
124	13.1804
124	12.7248
40	36.1277
58	30.454
56	34.5178
124	12.8712
8	48.678
46	35.8983
14	45.6298
108	20.3904
4	49.132
12	47.5178
70	27.8737
92	26.6824
30	39.884
52	37.0256
44	37.3007
124	12.7476
4	49.7373
30	36.548
30	41.0812
6	48.8294
42	35.9927
42	37.5876
32	39.7495
38	40.6097
52	36.397
124	13.3724
0	50.04
66	30.4312
14	46.4081
82	25.5761
2	48.8294
6	47.6187
58	31.0941
86	28.2062
58	34.0998
68	33.4114
72	29.8458
124	12.9559
56	26.2955
114	19.9261
122	17.379
124	13.4961
106	22.8309
124	13.3008
124	13.1544
124	12.5491
36	32.8219
92	22.1557
38	38.5389
124	13.4505
6	48.224
54	34.9742
16	45.1974
124	14.2576
0	50.04
4	48.8294
64	33.4504
88	24.3963
54	34.5333
50	38.103
44	37.1356
124	13.4668
4	49.7373
44	34.4759
28	41.2628
4	48.8294
46	36.0474
40	38.8113
32	39.9008
56	35.7717
32	40.2035
122	13.6313
2	48.8294
54	33.7262
14	46.754
118	19.0557
4	49.132
18	45.3319
84	29.0363
122	19.2182
32	38.665
60	31.8803
92	20.2432
124	13.623
80	26.3265
124	13.9745
124	11.8005
124	12.3082
110	19.1942
124	12.2854
124	13.1934
124	11.2408
26	36.9868
80	26.3517
28	41.6952
124	12.7606
0	50.04
34	38.0166
12	47.5178
110	17.3966
4	48.8294
2	49.4347
122	15.5995
92	26.9588
58	31.3655
40	38.5389
22	44.372
124	13.9582
4	49.132
38	37.084
28	42.1708
2	50.04
32	40.4305
40	39.81
52	35.2872
38	39.7495
46	36.486
124	13.4668
8	48.5267
74	27.4849
18	41.0498
102	23.3939
16	47.4674
28	43.7274
122	15.5763
124	14.2674
30	42.8568
36	40.5902
58	27.6083
124	13.5579
118	17.3663
124	13.6328
124	12.0837
124	13.2032
122	16.5885
124	12.5979
124	13.2357
124	11.9633
14	38.7406
78	21.6881
62	32.3685
124	13.2227
4	49.4347
88	26.0564
12	47.2152
84	25.8703
6	47.8205
8	47.6187
122	18.206
118	15.3314
38	36.7335
52	36.6531
52	37.0721
124	12.8875
4	49.4347
54	32.9266
34	41.3874
8	49.132
24	44.239
22	43.3815
12	47.316
10	46.6502
8	47.6187
120	23.0527
2	50.04
124	14.57
70	32.5548
124	14.5017
4	48.8294
42	36.3482
78	27.5344
78	23.7835
46	39.9337
54	38.9424
112	26.5405
124	13.7304
20	21.9934
64	30.676
76	18.0853
120	18.5935
106	21.902
124	13.828
124	13.2227
124	11.4914
12	39.1778
42	34.4361
10	47.6187
124	17.3233
4	48.8294
124	13.9387
118	20.5536
120	15.0053
4	49.4347
40	38.3573
60	28.6923
96	24.5786
34	37.4588
22	43.3815
38	41.6292
124	13.457
2	49.4347
20	39.5881
30	42.7358
0	50.04
26	44.3127
0	50.04
0	50.04
4	48.8294
0	50.04
100	20.3913
80	27.1386
42	39.0001
112	25.9244
124	13.252
2	49.4347
26	39.1132
32	41.679
22	44.0968
104	23.5106
124	12.9982
122	13.2344
124	13.1251
124	13.1153
2	49.4347
100	22.5543
12	46.4081
14	45.1974
76	30.4785
124	14.8141
20	45.4395
118	18.081
122	17.7694
0	50.04
6	47.6187
6	48.8294
0	50.04
32	40.8088
