20	935.425
38	1644.86
20	946.321
40	1725.57
44	1885.78
14	675.136
34	1496.76
34	1499.18
24	1098.06
28	1247.37
32	1428.16
24	1096.84
24	1111.37
30	1330.5
22	1033.08
36	1595.63
38	1688.45
12	578.688
24	1106.53
22	1013.71
26	1198.14
18	854.715
28	1267.95
24	1111.37
14	670.294
22	1027.03
24	1098.06
16	765.531
28	1266.74
26	1186.03
22	1031.87
28	1261.9
22	1030.66
32	1420.89
16	764.321
30	1366.82
40	1744.94
14	675.136
20	943.9
34	1529.45
38	1608.54
4	196.528
14	664.241
36	1556.89
30	1364.4
10	485.872
20	937.846
22	990.711
48	2012.09
22	1034.29
18	832.924
26	1186.03
46	1973.76
14	673.926
10	484.662
24	1100.48
32	1389.42
20	946.321
30	1369.24
32	1426.95
24	1099.27
12	582.32
18	836.556
24	1117.43
40	1692.89
16	766.742
28	1260.69
24	1107.74
30	1332.92
14	673.926
24	1072.63
18	845.03
48	2060.52
12	581.11
46	1908.38
8	389.424
46	1958.02
16	766.742
42	1792.97
22	1012.5
12	582.32
38	1654.55
32	1446.32
10	487.083
16	766.742
32	1422.1
40	1759.47
16	764.321
36	1604.1
24	1073.84
28	1259.47
16	763.11
26	1181.19
22	1019.77
28	1237.68
16	763.11
26	1206.61
30	1313.55
16	732.844
18	857.137
28	1243.74
38	1682.39
52	2156.56
18	848.662
24	1110.16
30	1352.29
44	1849.46
16	765.531
24	1084.74
16	763.11
44	1889.41
16	765.531
30	1330.5
8	391.845
38	1669.08
10	488.294
28	1265.53
20	946.321
46	1902.33
10	488.294
30	1348.66
12	582.32
46	1955.6
14	665.451
20	934.215
40	1749.79
26	1204.19
30	1332.92
32	1447.53
20	946.321
2	100.08
18	847.452
42	1783.28
18	855.926
12	579.899
22	1000.4
38	1636.39
26	1205.4
26	1196.92
32	1412.42
50	2126.7
28	1287.32
22	1034.29
32	1435.42
42	1795.39
8	393.056
24	1101.69
28	1282.48
30	1328.08
14	675.136
44	1906.36
24	1115
40	1752.21
14	675.136
32	1413.63
12	571.425
22	997.975
14	672.715
38	1689.66
34	1471.34
26	1171.5
10	488.294
38	1627.91
24	1090.79
50	2038.32
8	393.056
18	847.452
16	765.531
44	1879.73
14	675.136
22	1014.92
30	1355.92
16	766.742
22	1030.66
20	917.265
8	389.424
16	765.531
30	1346.24
46	1936.23
20	943.9
10	487.083
28	1221.94
24	1081.11
12	582.32
14	672.715
32	1442.69
38	1684.81
14	675.136
22	1029.45
18	845.03
50	2006.85
8	390.635
36	1576.26
24	1085.95
40	1698.94
8	393.056
34	1500.39
30	1359.55
34	1484.65
16	764.321
36	1590.79
20	925.74
44	1848.25
4	196.528
46	1925.33
18	854.715
28	1225.58
18	846.241
18	847.452
16	748.582
32	1454.79
12	579.899
26	1195.71
14	675.136
34	1489.5
20	946.321
28	1281.27
32	1442.69
16	766.742
26	1195.71
20	934.215
24	1121.06
20	946.321
34	1479.81
54	2214.27
18	857.137
18	831.713
24	1116.21
36	1583.52
16	766.742
24	1095.63
22	1023.4
34	1485.87
14	675.136
18	854.715
36	1592
48	2039.94
12	582.32
42	1820.81
20	916.055
34	1500.39
8	393.056
14	664.241
34	1518.55
42	1771.17
16	755.846
18	851.084
14	671.505
42	1817.18
20	945.11
30	1353.5
20	939.057
52	2145.67
10	484.662
42	1762.7
10	488.294
14	664.241
16	766.742
24	1082.32
18	854.715
30	1370.45
18	854.715
20	942.689
26	1181.19
12	582.32
24	1082.32
16	754.635
24	1117.43
14	675.136
32	1414.84
54	2217.9
24	1119.85
16	754.635
34	1514.92
36	1569
4	195.317
18	847.452
34	1499.18
36	1541.15
14	673.926
22	1012.5
22	1017.35
38	1666.65
10	487.083
26	1152.13
24	1111.37
24	1083.53
14	672.715
20	936.636
32	1433
34	1505.24
10	485.872
16	754.635
22	1022.19
38	1567.38
16	764.321
22	991.922
22	1008.87
52	2206.2
16	766.742
34	1481.02
20	935.425
36	1598.05
12	582.32
38	1624.28
18	857.137
38	1643.65
10	488.294
42	1818.39
36	1581.1
8	393.056
26	1170.29
28	1235.26
6	294.187
20	945.11
36	1587.16
42	1800.23
10	485.872
20	934.215
18	819.607
34	1484.65
20	942.689
12	578.688
46	1930.17
52	2125.09
20	946.321
12	578.688
26	1192.08
50	2009.27
12	582.32
34	1488.29
24	1113.79
40	1753.42
14	675.136
26	1127.92
20	943.9
44	1891.83
16	766.742
30	1330.5
22	1031.87
46	1974.97
14	675.136
30	1358.34
12	581.11
20	931.793
16	764.321
30	1340.18
14	671.505
42	1842.6
10	488.294
42	1813.55
16	764.321
46	1955.6
14	675.136
20	920.897
34	1501.6
14	673.926
26	1199.35
38	1650.92
8	393.056
10	488.294
38	1661.81
36	1521.78
24	1108.95
20	923.319
24	1112.58
28	1254.63
22	1033.08
18	854.715
54	2199.74
34	1508.87
12	582.32
20	942.689
20	905.159
40	1755.84
14	675.136
42	1843.81
22	1017.35
46	1896.27
26	1206.61
38	1670.29
28	1265.53
18	851.084
34	1533.08
16	757.057
10	484.662
44	1901.52
10	488.294
18	815.975
28	1287.32
28	1237.68
16	766.742
28	1269.16
12	579.899
26	1165.45
8	393.056
38	1690.87
18	857.137
36	1556.89
20	946.321
24	1115
32	1417.26
18	857.137
28	1265.53
18	854.715
14	675.136
34	1520.97
14	673.926
14	671.505
48	2014.51
10	487.083
28	1265.53
42	1814.76
10	487.083
22	1031.87
32	1437.84
10	488.294
30	1341.39
28	1255.84
8	393.056
30	1358.34
28	1257.05
10	488.294
24	1095.63
16	755.846
26	1206.61
46	1939.86
32	1433
16	766.742
28	1230.42
28	1269.16
12	581.11
48	2049.62
16	766.742
6	296.608
34	1447.12
