20	46.7713
38	43.2859
20	47.316
40	43.1393
44	42.8587
14	48.224
34	44.0224
34	44.0936
24	45.7523
28	44.5489
32	44.6299
24	45.7019
24	46.3072
30	44.35
22	46.9584
36	44.3231
38	44.4328
12	48.224
24	46.1054
22	46.0779
26	46.0821
18	47.4842
28	45.2839
24	46.3072
14	47.8781
22	46.6832
24	45.7523
16	47.8457
28	45.2407
26	45.6165
22	46.9033
28	45.0677
22	46.8483
32	44.4029
16	47.77
30	45.5606
40	43.6236
14	48.224
20	47.195
34	44.9838
38	42.3301
4	49.132
14	47.4458
36	43.2469
30	45.4799
10	48.5872
20	46.8923
22	45.0323
48	41.9186
22	47.0134
18	46.2735
26	45.6165
46	42.9077
14	48.1376
10	48.4662
24	45.8532
32	43.4193
20	47.316
30	45.6413
32	44.5921
24	45.8027
12	48.5267
18	46.4753
24	46.5594
40	42.3221
16	47.9214
28	45.0245
24	46.1558
30	44.4307
14	48.1376
24	44.693
18	46.9461
48	42.9275
12	48.4258
46	41.4865
8	48.678
46	42.5656
16	47.9214
42	42.6897
22	46.0229
12	48.5267
38	43.5407
32	45.1974
10	48.7083
16	47.9214
32	44.4408
40	43.9868
16	47.77
36	44.5585
24	44.7434
28	44.9812
16	47.6944
26	45.4302
22	46.353
28	44.203
16	47.6944
26	46.4081
30	43.785
16	45.8027
18	47.6187
28	44.4191
38	44.2735
52	41.4724
18	47.1479
24	46.2567
30	45.0764
44	42.0332
16	47.8457
24	45.1974
16	47.6944
44	42.9412
16	47.8457
30	44.35
8	48.9807
38	43.9231
10	48.8294
28	45.1974
20	47.316
46	41.3549
10	48.8294
30	44.9553
12	48.5267
46	42.5129
14	47.5322
20	46.7107
40	43.7446
26	46.3149
30	44.4307
32	45.2353
20	47.316
2	50.04
18	47.0806
42	42.4591
18	47.5515
12	48.3249
22	45.4726
38	43.0629
26	46.3615
26	46.0356
32	44.1381
50	42.534
28	45.9757
22	47.0134
32	44.8569
42	42.7473
8	49.132
24	45.9036
28	45.8027
30	44.2693
14	48.224
44	43.3264
24	46.4585
40	43.8052
14	48.224
32	44.1759
12	47.6187
22	45.3625
14	48.0511
38	44.4647
34	43.2746
26	45.0577
10	48.8294
38	42.8398
24	45.4496
50	40.7665
8	49.132
18	47.0806
16	47.8457
44	42.7211
14	48.224
22	46.1329
30	45.1974
16	47.9214
22	46.8483
20	45.8633
8	48.678
16	47.8457
30	44.8746
46	42.0919
20	47.195
10	48.7083
28	43.6409
24	45.0461
12	48.5267
14	48.0511
32	45.0839
38	44.3372
14	48.224
22	46.7933
18	46.9461
50	40.1369
8	48.8294
36	43.785
24	45.2479
40	42.4735
8	49.132
34	44.1292
30	45.3185
34	43.6663
16	47.77
36	44.1885
20	46.287
44	42.0057
4	49.132
46	41.855
18	47.4842
28	43.7706
18	47.0134
18	47.0806
16	46.7864
32	45.4622
12	48.3249
26	45.989
14	48.224
34	43.8087
20	47.316
28	45.7595
32	45.0839
16	47.9214
26	45.989
20	46.7107
24	46.7107
20	47.316
34	43.5239
54	41.005
18	47.6187
18	46.2063
24	46.509
36	43.9868
16	47.9214
24	45.6514
22	46.5181
34	43.7019
14	48.224
18	47.4842
36	44.2222
48	42.4987
12	48.5267
42	43.3526
20	45.8027
34	44.1292
8	49.132
14	47.4458
34	44.6633
42	42.1708
16	47.2404
18	47.2824
14	47.9646
42	43.2662
20	47.2555
30	45.1167
20	46.9529
52	41.2628
10	48.4662
42	41.969
10	48.8294
14	47.4458
16	47.9214
24	45.0965
18	47.4842
30	45.6817
18	47.4842
20	47.1345
26	45.4302
12	48.5267
24	45.0965
16	47.1647
24	46.5594
14	48.224
32	44.2138
54	41.0723
24	46.6603
16	47.1647
34	44.5565
36	43.5832
4	48.8294
18	47.0806
34	44.0936
36	42.8098
14	48.1376
22	46.0229
22	46.243
38	43.8593
10	48.7083
26	44.3127
24	46.3072
24	45.147
14	48.0511
20	46.8318
32	44.7813
34	44.2716
10	48.5872
16	47.1647
22	46.4631
38	41.2469
16	47.77
22	45.0874
22	45.8578
52	42.4269
16	47.9214
34	43.5595
20	46.7713
36	44.3903
12	48.5267
38	42.7443
18	47.6187
38	43.254
10	48.8294
42	43.295
36	43.9195
8	49.132
26	45.0112
28	44.1165
6	49.0311
20	47.2555
36	44.0877
42	42.8626
10	48.5872
20	46.7107
18	45.5337
34	43.6663
20	47.1345
12	48.224
46	41.9603
52	40.867
20	47.316
12	48.224
26	45.8493
50	40.1853
12	48.5267
34	43.7731
24	46.4081
40	43.8354
14	48.224
26	43.3815
20	47.195
44	42.9962
16	47.9214
30	44.35
22	46.9033
46	42.934
14	48.224
30	45.2781
12	48.4258
20	46.5897
16	47.77
30	44.6728
14	47.9646
42	43.8715
10	48.8294
42	43.1797
16	47.77
46	42.5129
14	48.224
20	46.0449
34	44.1648
14	48.1376
26	46.1287
38	43.4452
8	49.132
10	48.8294
38	43.7319
36	42.2717
24	46.2063
20	46.1659
24	46.3576
28	44.8083
22	46.9584
18	47.4842
54	40.736
34	44.3785
12	48.5267
20	47.1345
20	45.258
40	43.896
14	48.224
42	43.9003
22	46.243
46	41.2233
26	46.4081
38	43.9549
28	45.1974
18	47.2824
34	45.0906
16	47.316
10	48.4662
44	43.2164
10	48.8294
18	45.3319
28	45.9757
28	44.203
16	47.9214
28	45.3271
12	48.3249
26	44.8249
8	49.132
38	44.4965
18	47.6187
36	43.2469
20	47.316
24	46.4585
32	44.2894
18	47.6187
28	45.1974
18	47.4842
14	48.224
34	44.7345
14	48.1376
14	47.9646
48	41.969
10	48.7083
28	45.1974
42	43.2085
10	48.7083
22	46.9033
32	44.9326
10	48.8294
30	44.7132
28	44.8515
8	49.132
30	45.2781
28	44.8948
10	48.8294
24	45.6514
16	47.2404
26	46.4081
46	42.1708
32	44.7813
16	47.9214
28	43.9435
28	45.3271
12	48.4258
48	42.7005
16	47.9214
6	49.4347
34	42.5625
