1195.71	9.64285
1217.91	30.4477
1165.45	9.39877
1355.12	10.9284
1177.15	9.49315
993.536	8.01239
1022.19	8.24345
1063.75	8.57866
908.791	7.32896
996.765	8.03842
1104.11	8.9041
1209.43	9.7535
1002.82	8.08724
1131.55	9.1254
639.221	5.15501
1023	8.24996
1029.05	8.29878
1031.87	8.32156
655.766	5.28844
1049.23	8.4615
1107.34	8.93014
1194.1	9.62984
1129.13	9.10587
603.305	4.86536
1206.61	9.73072
1311.94	10.5801
1056.49	8.52008
615.411	4.96299
1484.65	11.973
1277.63	10.3035
1418.47	11.4393
1338.97	10.7982
734.862	5.9263
1729.2	13.9452
1641.63	39.0865
1058.91	8.5396
1366.01	11.0162
401.934	3.2414
1474.97	11.8949
1156.57	9.32717
1232.84	9.94226
734.458	5.92305
1185.22	9.55824
1346.24	10.8568
1206.61	9.73072
817.993	6.59671
1224.77	9.87717
1391.43	11.2212
1600.07	12.9038
472.152	3.80767
1260.28	10.1636
1080.3	8.71209
1626.3	13.1153
685.629	5.52926
1101.69	8.88457
1076.67	8.6828
1416.45	11.423
604.515	4.87512
1023	8.24996
1180.38	9.51919
1206.61	9.73072
237.286	1.9136
870.454	7.01979
1140.02	9.19374
1637.2	13.2032
833.731	6.72364
1187.64	9.57777
1390.22	11.2115
1340.18	10.8079
1445.51	11.6573
1234.45	9.95528
1324.04	10.6778
1529.85	12.3375
577.074	4.65382
1447.53	11.6736
1640.83	13.2325
1632.35	13.1641
1446.32	18.079
1373.68	11.6413
2004.42	29.4768
1481.43	11.947
1113.79	8.98221
1632.35	13.1641
996.765	8.03842
1077.07	8.68605
1157.78	9.33694
1577.47	12.7215
869.243	7.12494
1299.83	10.4825
1577.47	12.7215
1416.45	11.423
1451.56	13.9573
1698.13	18.0652
1585.95	12.9996
1613.39	13.0112
1162.62	19.377
1801.44	37.53
1392.24	11.2278
1683.2	13.5742
1061.74	8.56239
1638	13.2097
1252.21	10.0985
1390.22	11.2115
923.319	7.44612
1337.76	10.7884
1626.3	13.1153
1367.63	11.0292
744.547	19.5933
1322.83	10.8429
1579.49	19.2621
1580.3	12.9532
997.168	8.04168
1615.81	13.0307
1495.15	12.0576
1390.22	11.2115
1686.43	13.8232
1229.61	9.91623
1637.2	13.2032
1562.14	12.5979
916.055	19.0845
1673.92	13.9493
2162.62	28.4555
1688.45	13.6165
294.187	49.0311
2671.89	24.7398
2314.35	20.3013
75.8671	1.89668
1834.13	19.512
1748.58	33.6264
1623.07	13.0893
2643.24	21.3165
1324.45	10.681
1628.72	13.1348
1420.89	11.4588
1629.12	13.1381
1610.97	12.9917
1512.1	12.1943
1558.91	41.0239
1629.93	16.9785
1717.1	13.8476
1633.56	13.1739
1676.34	34.9237
1590.38	31.8077
1370.05	12.455
1679.57	13.5449
1266.74	10.2156
1640.83	13.2325
1416.45	11.423
1416.45	11.423
1319.2	10.6387
1449.95	11.6931
1600.07	12.9038
1495.15	12.0576
1396.68	41.0789
1640.83	14.3932
923.319	19.2358
2029.85	16.3697
1563.35	12.6076
1609.75	12.9819
1521.38	12.2692
1633.56	13.1739
1674.32	13.724
1535.1	12.3798
1585.95	12.7899
1303.46	10.5118
1062.95	44.2894
1621.05	13.073
2117.01	27.1412
1631.55	13.1576
1853.09	42.1158
1684.41	13.584
1674.73	13.5059
296.608	49.4347
3102.08	25.0167
1971.74	16.1618
2075.05	28.0412
2085.94	31.6052
1459.23	11.768
1624.28	13.3138
2167.05	17.7627
1681.99	13.5644
1635.99	13.1934
1600.07	12.9038
476.187	47.6187
866.822	18.844
2345.02	18.9114
1885.78	15.4572
1410.4	39.1778
2003.62	37.104
1887.4	17.4759
1660.6	13.3919
1264.72	10.1994
1626.3	13.1153
1285.3	10.3653
1497.57	12.0772
1420.09	11.6401
1357.13	10.9446
1626.3	13.1153
1468.92	11.8461
1553.26	33.7665
1766.73	14.2479
2320.81	27.6287
1611.37	12.9949
0	0
2254.62	25.0514
1188.45	19.1685
2043.97	16.4836
1686.43	13.6002
1608.14	12.9689
1604.91	12.9428
1443.9	11.6443
1213.07	37.9083
1686.83	13.6035
2330.9	36.4202
1635.99	13.1934
0	50.04
1941.87	31.3206
2004.83	33.4138
195.317	48.8294
1890.22	15.2437
2184	26
1995.95	29.3522
2527.02	33.2503
1796.6	14.7262
1580.3	12.7443
1404.75	17.5594
1897.89	15.3055
1681.99	13.5644
1560.93	12.5881
570.214	47.5178
633.975	45.2839
1714.68	14.0547
1842.6	15.355
1565.36	34.0297
1802.25	36.0449
1558.91	13.4389
1663.43	13.4147
1330.1	10.7266
1652.13	13.3236
1442.69	11.6346
1468.92	11.8461
1574.24	12.9036
1368.84	11.039
1601.28	12.9135
1442.69	11.6346
1554.06	40.8964
1609.75	13.642
1472.14	40.8929
1704.99	13.7499
292.976	48.8294
2064.55	22.4408
733.651	26.2018
2219.92	22.6522
1492.32	12.0349
1649.3	13.3008
1601.28	12.9135
1528.64	12.3278
1067.39	35.5795
1572.63	12.8904
2146.47	29.8121
1696.92	13.6848
0	50.04
2096.03	26.8722
2137.19	33.3936
561.739	46.8116
2409.99	26.7777
2295.79	32.797
1092.81	34.1503
1715.89	37.3019
1739.7	14.0298
1695.31	13.6718
1688.85	13.6198
1617.02	13.0405
1626.3	13.1153
1573.84	12.6922
198.949	49.7373
1289.74	30.7081
2127.1	17.4353
2905.95	24.2163
1450.35	36.2588
1858.34	34.4137
1403.54	12.0995
1615.81	13.0307
1394.26	12.0195
1649.3	13.3008
1391.43	11.2212
1423.72	11.4816
1428.56	11.5207
1424.93	11.4914
1646.88	13.2813
1313.95	10.5964
1012.1	38.9269
1738.08	15.8008
1291.35	40.3548
1696.52	13.6816
100.08	50.04
2330.9	25.8988
983.044	30.7201
2056.08	16.5813
1641.63	13.239
1642.04	13.2422
1608.54	12.9721
1603.7	12.9331
1366.41	42.7005
1452.77	12.3116
1958.02	16.5934
1645.67	13.2715
195.317	48.8294
2200.15	23.9146
2100.07	24.4194
196.528	49.132
1801.44	33.36
2186.43	30.367
1234.45	32.4856
1394.66	38.7406
1840.18	15.3348
1669.88	13.4668
623.079	25.9616
1957.21	15.7839
1907.57	15.3837
1658.99	13.3789
1283.28	42.7761
2383.36	34.048
1772.79	14.2967
1742.93	14.0559
1475.78	40.9938
1943.49	31.3466
1577.07	12.9268
1616.21	13.2476
1507.66	12.5638
1726.78	13.9257
1416.45	11.423
1473.76	11.8852
1252.21	10.264
1583.52	12.7704
1626.3	13.1153
1417.67	11.4328
835.345	41.7673
1716.69	15.0587
1958.82	36.2745
1770.37	14.7531
0	50.04
1997.16	17.2169
1129.94	33.2334
1740.5	14.2664
1753.01	20.8692
1685.62	13.5937
1648.09	13.2911
1600.07	12.9038
985.465	32.8488
1867.62	16.6752
1266.33	42.2112
1508.06	12.7802
100.08	50.04
1658.99	34.5622
1966.49	30.7264
97.6587	48.8294
1572.63	35.7415
1206.21	43.0788
1010.08	45.9128
908.791	45.4395
2161	24.0111
1637.2	13.2032
1307.9	34.4184
1646.48	13.4957
1918.47	18.0988
1585.95	12.9996
567.793	47.316
1890.22	41.0918
1849.87	14.9183
1742.93	14.0559
954.392	43.3815
1123.88	35.1213
1734.05	15.7641
1696.52	13.6816
1607.74	13.1782
1645.67	13.2715
1534.69	12.3766
1534.69	12.3766
1519.36	12.4538
1477.39	11.9144
1634.77	13.1837
1525.01	12.2985
474.976	47.4976
1697.73	13.9158
1653.74	39.3748
1770.77	14.5145
100.08	50.04
2017.34	16.8112
901.124	32.183
1916.05	15.7053
2444.7	27.1633
1713.47	13.8183
1584.73	12.9896
1421.3	11.65
743.74	41.3189
1616.21	29.9298
485.872	48.5872
2608.13	21.0333
0	50.04
2095.22	22.2896
1890.22	27.7974
393.056	49.132
1146.88	40.9602
198.949	49.7373
100.08	50.04
890.228	27.8196
1713.87	14.0481
1691.67	13.6425
1552.45	12.5198
559.318	39.9513
1168.27	29.2068
2345.42	18.9147
295.397	49.2329
1121.86	40.0666
1686.43	15.0574
1646.48	13.278
1626.3	13.1153
1578.68	12.7313
1642.85	13.2488
1575.05	12.702
1627.51	13.1251
98.8694	49.4347
1598.05	17.3701
800.236	40.0118
1472.14	40.8929
1661.41	13.3985
1571.42	12.6727
1618.63	13.4886
1564.56	12.6174
1627.51	13.1251
0	50.04
1666.65	13.4408
989.501	44.9773
477.398	47.7398
1890.22	15.2437
