124	10.1701
46	34.556
124	10.4174
124	12.0446
124	8.3183
124	7.04908
124	7.51121
124	8.13606
124	6.38518
124	7.41357
124	7.61535
124	8.11653
124	8.43546
124	9.51919
124	5.97187
124	6.7692
124	7.84641
124	6.39494
124	4.86536
124	6.98074
124	7.86919
124	7.60884
124	8.88457
124	4.86536
124	6.98074
124	9.06031
124	8.24996
124	3.59614
124	9.30765
124	7.15648
124	9.33043
124	9.74049
124	6.02068
124	13.4277
40	37.9335
124	9.73398
124	11.8396
124	2.5775
124	12.7508
124	10.1636
124	10.4044
124	4.65382
124	9.7893
124	8.92363
124	10.3653
124	5.2982
124	8.56889
124	9.30765
124	13.1153
124	4.05826
124	9.09611
124	8.03842
124	12.9038
124	5.30796
124	9.73072
124	9.31741
124	10.5769
124	4.02898
124	8.91386
124	9.30765
124	10.3653
124	1.6923
124	8.88457
124	7.82689
124	12.9331
124	4.92394
124	9.54848
124	9.88694
124	9.94226
124	7.01328
124	8.95292
124	9.38575
124	11.6736
124	4.86536
124	10.3393
124	13.2715
124	12.9428
64	3.83371
118	10.8821
84	25.9184
116	13.578
124	10.4337
124	13.1348
124	7.61535
124	12.8192
124	9.57777
124	12.7411
124	7.29967
124	10.6159
124	12.9233
124	10.5769
102	12.0115
104	14.3143
124	13.9387
124	13.3789
76	14.2729
70	30.9983
124	11.9925
120	13.4583
124	10.6452
124	13.2357
124	9.82836
124	11.0097
124	7.38754
124	11.8689
124	12.6922
124	11.2603
70	20.0967
110	13.9738
88	17.7194
124	14.4041
122	7.93866
124	13.2422
124	10.9999
124	12.9038
124	9.3467
124	10.8112
124	12.6922
124	12.5588
36	23.9215
116	11.8421
80	30.0896
124	13.4147
12	48.1231
124	17.2615
124	18.0751
4	24.4147
98	22.1457
70	29.6839
124	13.5319
118	18.0502
110	11.5488
124	13.1544
124	9.17422
124	13.3204
124	13.1446
124	11.7322
12	46.4081
108	15.1443
98	17.3773
86	20.6091
42	39.9513
46	38.8547
118	16.118
124	13.2911
122	10.5948
124	12.907
124	11.423
124	12.0772
124	10.6875
124	11.6476
124	13.1153
124	9.94226
32	41.0737
110	13.7023
72	31.3927
120	15.2945
116	11.3655
124	13.1837
120	12.2746
124	13.1837
120	10.8386
124	13.4766
124	13.1576
124	12.3863
36	41.3301
120	17.4131
80	27.5069
124	13.2943
8	23.8094
90	20.7738
124	14.0819
8	48.678
122	18.2688
122	15.3778
74	27.2613
68	31.0079
122	13.7769
124	13.1837
122	11.167
124	13.4375
124	12.6922
124	12.5198
24	45.0965
62	31.7697
124	15.1558
124	13.2325
48	38.3875
76	27.4094
114	14.5277
124	13.4473
122	10.7172
124	13.1869
124	12.2985
124	11.6639
124	11.2733
122	11.0645
124	13.1153
124	11.8461
40	34.5437
120	12.7757
88	25.9647
124	13.1706
2	48.8294
96	23.3175
48	24.2802
80	29.459
124	13.3659
124	13.2618
124	12.7215
124	12.7899
32	39.6486
124	11.9144
58	32.4856
122	12.7349
4	49.7373
58	30.6418
54	34.3016
2	50.04
112	16.477
106	23.2688
54	33.5917
68	30.0466
118	14.6235
124	13.3822
74	24.431
124	14.1958
124	16.4055
124	13.0112
40	39.124
64	33.6395
124	14.1112
124	14.4919
26	42.1708
42	32.8027
114	13.7454
124	12.8777
124	12.5783
124	13.5644
124	11.6443
124	12.0576
124	13.4505
124	11.6639
124	12.4807
124	11.8559
54	36.6631
122	13.8
78	31.1715
124	12.3993
4	49.4347
120	19.9151
20	41.3435
124	19.904
124	12.2366
124	13.2032
124	12.6922
124	12.6955
20	39.5881
120	14.2453
50	34.8585
124	13.2195
14	48.224
72	28.8369
60	31.84
4	48.8294
82	26.5062
68	29.8507
48	34.1923
60	34.2209
112	15.778
124	13.6035
52	26.316
124	13.7695
124	13.1251
124	12.7313
16	28.8537
26	38.9269
124	16.8091
116	16.6394
38	38.0397
60	32.6672
124	12.4612
124	12.9721
124	14.186
124	13.3106
124	11.7322
124	11.4718
124	12.2138
124	12.6597
124	13.1641
124	11.0195
26	43.7074
124	14.7035
28	40.0234
124	13.3301
8	48.3754
88	23.8965
36	28.3381
124	14.9215
118	14.131
124	13.3496
124	12.9428
124	12.7118
26	39.346
124	12.9493
120	15.2743
124	13.3301
4	49.7373
70	29.1823
78	28.2794
4	49.132
48	37.757
72	29.1564
34	37.4588
44	38.5114
120	14.5177
124	13.3008
36	35.0975
116	15.2792
124	12.894
124	12.7801
24	45.601
72	30.5127
124	13.4766
124	13.457
24	40.4725
50	27.1588
120	12.8295
124	12.7443
124	12.5783
124	13.5742
124	11.423
124	12.1065
124	11.4328
124	12.6695
124	12.4807
124	11.2212
12	47.6187
112	14.6214
34	41.2094
124	13.7369
4	49.132
112	16.1239
112	26.6198
110	16.351
46	33.0296
72	35.3609
124	18.944
124	13.4538
32	42.133
112	17.3994
20	45.5001
124	17.46
2	50.04
48	33.8644
62	31.8413
4	49.132
44	36.2276
32	41.8681
34	36.355
24	43.4319
106	20.3449
70	30.981
30	43.22
110	24.1762
124	19.7055
124	13.7304
26	25.9978
32	34.7052
120	15.355
124	15.107
18	45.3319
30	41.6865
124	12.7183
124	13.8964
122	12.9665
124	12.9721
124	11.7029
124	10.6355
120	13.3642
124	11.8949
124	12.9526
124	12.5002
6	31.7458
108	13.8514
24	42.1708
124	20.262
8	48.8294
124	15.4195
94	28.5532
122	14.1903
58	32.1169
124	14.0428
124	12.4091
124	12.2887
32	33.6585
70	27.9198
18	44.5921
124	14.8337
2	50.04
78	25.4494
48	32.7547
2	50.04
26	42.1242
6	48.6276
4	49.132
74	34.7979
66	26.9216
48	35.9915
124	13.1544
12	46.509
34	40.6753
122	15.5267
4	48.8294
26	44.9646
108	14.1092
124	10.7786
124	13.1251
124	12.0576
124	11.2798
124	12.4905
124	13.1251
2	50.04
82	20.7729
18	43.9868
16	45.3488
124	13.3008
124	12.5881
124	13.0828
124	12.318
124	13.1251
2	0
116	14.9069
28	27.1098
36	42.7425
124	13.7499
