1400.72	33.3504
826.871	45.9373
2192.07	22.3681
1672.3	13.4863
1660.2	13.3887
190.475	23.8094
964.077	43.8217
970.13	44.0968
575.056	47.9214
820.817	9.12019
1612.58	38.3947
1646.88	13.2813
1661.41	13.3985
1661.41	13.3985
776.427	15.5285
723.159	45.1974
1311.94	40.998
632.764	45.1974
565.775	11.787
1632.35	40.8088
1626.3	13.1153
1626.3	13.1153
1618.23	13.0502
750.6	11.7281
474.976	47.4976
1038.73	43.2806
1998.37	39.9674
928.161	46.4081
1886.19	39.2955
2131.14	33.299
1898.29	35.1535
1828.88	14.749
968.92	44.0418
1393.05	43.5328
100.08	50.04
1000.4	45.4726
876.104	43.8052
543.58	33.9737
553.265	46.1054
1379.33	40.5685
1690.87	13.636
295.397	49.2329
815.975	45.3319
728.001	45.5001
1339.78	41.8681
0	50.04
917.265	45.8633
1671.5	34.8229
1815.16	34.9069
608.955	4.91092
2228.39	30.1134
2118.23	33.0973
1659.79	13.3854
465.291	46.5291
2332.91	30.6962
965.288	43.8767
1725.98	13.9192
383.371	47.9214
743.74	46.4837
2243.73	31.1629
2037.92	18.8696
775.62	6.255
2138.81	31.453
1334.53	39.251
1663.02	13.4115
0	50.04
1098.86	39.2451
387.003	48.3754
2193.29	29.639
98.8694	49.4347
809.922	44.9956
292.976	48.8294
1471.74	38.73
979.815	40.8256
806.29	44.7939
1055.68	43.9868
2148.9	17.3298
0	50.04
558.107	46.509
663.03	47.3593
390.635	48.8294
971.341	44.1519
1203.78	42.9923
1604.1	38.193
962.866	43.7667
1296.2	40.5062
1695.31	13.6718
100.08	50.04
1262.7	42.0901
477.398	47.7398
1310.73	40.9602
97.6587	48.8294
570.214	47.5178
1481.43	37.0357
2149.7	29.05
1276.02	39.8756
1689.66	38.4013
1903.54	25.7235
1671.09	13.4766
2407.97	21.8907
1640.02	13.226
1629.12	13.1381
1649.3	13.3008
1858.34	38.7154
1764.31	14.2283
1612.18	13.0014
1557.29	12.5588
1590.38	39.7596
1983.44	27.5478
1821.62	36.4323
1622.26	13.0828
98.8694	49.4347
1896.68	32.7013
577.478	48.1231
1855.92	34.3689
0	50.04
661.819	47.2728
1016.94	39.1132
1477.79	38.8893
916.055	45.8027
832.924	46.2735
1627.91	42.8398
1914.84	15.4422
0	50.04
1015.73	42.3221
728.001	45.5001
196.528	49.132
1625.09	40.6272
972.552	44.2069
1885.38	33.6675
1931.38	37.142
1558.5	38.9626
1675.94	13.5156
98.8694	49.4347
1966.49	29.7953
196.528	49.132
1846.64	35.5123
98.8694	49.4347
474.976	47.4976
1689.25	29.1251
1900.31	15.5763
1332.11	37.0031
1782.88	35.6575
1880.54	30.3312
1645.27	13.2683
1825.65	15.2138
1648.5	13.2943
1518.15	12.2431
1538.33	12.4059
1836.95	30.6159
1605.32	12.9461
1621.05	13.073
1582.31	12.7606
822.028	45.6682
1696.52	28.2753
2175.53	36.2588
1613.79	13.0144
295.397	49.2329
1146.88	40.9602
917.265	45.8633
2233.64	24.8182
100.08	50.04
479.819	47.9819
1234.86	41.1619
2044.38	36.5067
1489.5	31.0312
1341.8	39.4647
464.081	46.4081
2014.92	16.2493
296.608	49.4347
877.314	43.8657
1030.26	42.9275
98.8694	49.4347
1605.32	30.8715
1372.06	40.3548
1856.32	34.3763
1840.99	36.8198
1830.5	33.8981
1550.03	12.5002
294.187	49.0311
1912.42	18.0417
285.712	47.6187
1694.5	38.5114
292.976	48.8294
566.582	47.2152
1766.33	33.9679
2267.54	31.4936
1226.38	40.8795
1922.91	33.1536
2053.25	25.6657
1658.99	13.3789
1926.54	18.1749
1572.63	12.6825
1607.33	12.9624
1607.33	12.9624
1508.46	24.3301
1616.61	13.2509
1618.23	13.0502
1384.57	11.1659
1367.22	40.2124
1736.47	31.0084
1221.54	40.718
1641.23	13.2357
195.317	48.8294
1618.23	35.1789
567.793	47.316
2322.42	33.1774
196.528	49.132
292.976	48.8294
1615.4	33.6543
2284.49	25.3832
1726.38	31.97
1941.47	34.6691
2051.24	35.3661
1527.43	12.318
100.08	50.04
1198.94	42.8194
1600.88	40.0219
289.344	48.224
1425.33	37.5088
1595.23	36.2552
1720.73	30.7273
1731.22	36.0671
2011.69	35.923
1623.07	13.0893
0	50.04
2075.45	29.6493
195.317	48.8294
1819.6	33.6963
478.608	47.8608
389.424	48.678
1552.45	36.9631
1907.17	32.8822
953.181	36.6608
1604.1	38.193
1995.14	23.7517
1680.78	13.5547
1919.28	21.81
1625.49	13.1088
1573.84	12.6922
1632.35	13.1641
1646.48	13.278
1604.1	12.9363
1600.07	12.9038
1559.71	12.5783
1047.21	40.2772
1738.89	17.3889
1619.44	36.8054
1655.36	13.3496
97.6587	48.8294
1100.07	39.2883
731.633	45.7271
2306.68	32.9526
288.134	48.0223
196.528	49.132
2198.53	26.8114
1988.28	16.8499
2337.35	31.5858
1661.41	36.1176
1944.3	36.0055
1630.34	13.1479
296.608	49.4347
1692.89	33.8577
1184.41	42.3005
0	50.04
1519.76	36.1848
1816.37	34.9302
1587.56	39.689
2068.99	38.3147
1717.1	37.3282
1961.65	15.8197
292.976	48.8294
1821.62	15.4374
1012.5	46.0229
1815.97	15.1331
197.739	49.4347
647.292	46.2351
1913.22	31.887
2446.71	29.1275
1799.83	35.9965
1641.23	37.3007
2361.16	26.8314
1667.46	13.4473
361.579	22.5987
2137.19	26.7149
1562.54	32.5529
2205.39	21.6215
1962.46	16.3538
1641.63	13.6803
1637.2	13.2032
1501.2	12.1065
1120.65	43.1021
1843.01	26.3286
1882.15	37.643
1597.24	13.0922
294.187	49.0311
1174.73	41.9546
723.159	45.1974
1807.09	14.8122
198.949	49.7373
389.424	48.678
2078.68	24.1707
1997.16	19.58
1730.01	34.6002
2057.29	35.4705
1623.88	40.597
1607.74	12.9656
196.528	49.132
1694.5	38.5114
1590.79	37.8759
0	50.04
1791.35	33.1732
1877.71	39.119
1226.38	38.3245
1291.35	40.3548
1747.77	39.722
1618.23	13.0502
98.8694	49.4347
1792.16	30.8993
98.8694	49.4347
1961.25	32.6874
98.8694	49.4347
1007.66	45.8027
1075.86	41.3792
2210.64	26.3171
1789.74	37.2862
1999.18	34.4686
1848.66	33.0117
1645.67	13.2715
882.157	44.1078
1742.12	14.5177
1468.51	11.8428
1698.94	13.7011
1645.27	13.4858
1571.82	12.8838
1603.7	12.9331
1578.68	12.7313
1377.71	34.4429
1546.4	24.9419
1036.31	43.1797
1641.23	13.2357
295.397	49.2329
1253.82	34.8285
734.055	45.8784
1875.29	34.7276
573.846	47.8205
558.107	46.509
1736.87	14.007
1685.62	13.5937
1310.73	40.9602
1448.74	36.2185
954.392	43.3815
1625.49	13.1088
198.949	49.7373
1584.73	33.0153
1369.64	40.2836
198.949	49.7373
1217.91	40.597
908.791	45.4395
1126.71	37.5569
1901.12	41.3286
1177.55	45.2905
1660.2	13.3887
195.317	48.8294
1861.57	32.096
556.897	46.4081
2111.77	23.9974
197.739	49.4347
830.503	46.139
2283.28	29.2728
2241.71	18.0783
970.13	44.0968
2092.8	30.7765
1171.9	34.4678
1626.3	13.1153
1587.96	41.7885
1816.37	14.6482
1612.98	13.0079
1679.97	13.5482
1775.61	19.3001
1860.76	15.0061
1596.84	12.8777
1592	12.8387
878.525	39.9329
780.866	35.4939
1548.01	40.7371
1683.2	13.5742
195.317	48.8294
1402.33	41.245
556.897	46.4081
2263.1	22.631
196.528	49.132
288.134	48.0223
1926.14	27.5162
1954.38	33.6963
1013.31	36.1896
984.658	44.7572
1440.67	40.0185
1706.2	13.7597
100.08	50.04
1256.25	34.8957
1424.93	39.5814
100.08	50.04
811.132	45.0629
0	50.04
0	50.04
100.08	50.04
98.8694	49.4347
1707.82	13.9985
2215.08	19.4305
1043.58	40.1375
2053.66	17.4039
1704.99	13.7499
0	50.04
558.107	46.509
1177.15	42.0411
1097.25	28.8749
1687.64	14.0637
1538.73	12.4091
1608.54	12.9721
1637.2	13.2032
1626.3	13.1153
100.08	50.04
1963.67	30.6823
365.211	30.4343
1393.86	40.9958
1981.02	15.976
1809.51	14.8321
558.107	46.509
2188.04	28.79
1660.6	13.6115
0	50.04
98.8694	49.4347
0	50.04
100.08	50.04
1220.73	43.5976
