124	1381.35
30	1261.49
124	1376.1
124	1605.72
124	1087.56
124	776.427
124	1090.39
124	1023.4
124	722.755
124	839.381
124	881.35
124	886.192
124	1032.68
124	945.514
124	726.387
124	803.868
124	760.689
124	681.997
124	603.305
124	839.381
124	786.919
124	1184.82
124	1130.34
124	636.799
124	865.611
124	1149.71
124	986.272
124	524.613
124	1101.69
124	912.423
124	1642.04
124	1232.84
120	807.904
78	2098.05
12	556.897
124	1092.81
124	1703.78
124	288.537
124	1646.88
124	1235.26
124	1337.76
122	506.857
124	1133.97
124	1288.93
124	1290.14
124	472.152
124	1130.34
124	1161.41
124	1579.89
124	393.46
124	1180.38
124	1181.59
124	1575.05
124	550.844
124	1049.23
124	1051.65
124	1391.43
122	472.152
124	1127.92
124	918.073
124	1390.22
124	262.306
124	1132.76
124	996.765
124	1443.9
124	367.229
124	1023
124	1101.69
124	1631.14
124	760.689
124	1055.28
124	1232.84
124	1442.69
124	449.553
124	1286.51
124	1613.39
124	1626.3
6	292.976
124	1554.47
122	1640.02
4	197.739
114	1374.89
38	1463.27
122	1222.75
124	1667.46
124	1261.49
124	1468.92
124	868.033
124	1340.18
124	1627.51
124	1390.22
64	1044.38
122	1162.22
124	1626.3
124	1627.91
124	1171.5
124	1867.62
124	1163.03
124	1593.21
122	973.762
124	1603.7
124	1266.33
124	1420.09
124	882.56
124	1354.71
124	1495.15
124	1337.76
124	782.48
124	1328.88
124	1629.93
124	1601.28
108	826.064
118	1508.87
122	1401.12
124	1639.62
124	1035.51
124	1646.88
124	1626.3
124	1603.7
90	1336.55
124	1472.14
104	2124.28
124	1648.5
6	196.528
46	1671.09
84	2175.53
4	196.528
120	1579.49
96	2483.03
124	1382.56
124	1629.93
124	1447.53
124	1628.72
124	1234.86
124	1390.22
124	1577.47
124	1548.82
34	1390.63
104	1569.4
124	1717.1
124	1620.65
46	1372.47
60	1923.31
124	1459.63
124	1587.16
124	1330.5
124	1584.73
124	1337.76
124	1495.15
124	1146.08
124	1342.61
124	1608.54
124	1547.61
40	988.694
122	1474.97
122	1836.55
124	1672.71
8	393.056
120	1965.28
58	1882.15
124	1947.52
74	939.864
122	2554.06
122	1653.34
124	1569.4
28	1212.26
124	2380.13
46	1771.58
124	1643.65
4	198.949
84	1833.32
118	2144.46
4	198.949
118	2003.62
78	2154.95
114	1767.54
54	1932.19
124	1623.07
124	1629.93
122	1470.53
122	1563.35
124	1603.7
124	1643.25
28	983.044
106	1767.95
124	1678.36
124	1626.7
38	1326.06
50	1540.75
124	1261.09
124	1711.05
124	1600.47
124	1637.2
122	1417.67
124	1442.69
124	1399.91
124	1408.38
124	1629.93
124	1470.13
32	1180.78
124	1560.12
60	1757.05
124	1606.93
10	382.16
124	1694.1
124	1635.18
124	1655.36
124	1638
124	1624.28
124	1626.3
124	1629.93
34	1317.99
122	1664.64
74	2158.18
124	1686.83
2	100.08
78	2099.66
72	2159.79
4	196.528
86	2041.15
78	2084.73
36	1252.61
38	1537.12
116	2164.63
124	1627.51
60	1661.41
124	1635.58
124	1602.09
124	1634.77
24	1008.87
40	1514.11
124	1630.74
124	1952.37
30	1237.28
64	2019.36
118	1658.18
124	1619.44
118	1490.71
124	1589.58
124	1521.38
124	1417.67
122	1248.98
124	1593.21
124	1608.54
124	1499.99
42	1590.38
116	1490.71
38	1463.27
124	1715.89
6	291.765
124	1920.49
52	1884.17
122	1794.98
14	454.395
78	2177.95
80	2164.63
124	1691.67
40	1514.92
110	2026.22
90	2207.01
124	1667.46
6	294.187
124	2008.46
68	2073.43
2	98.8694
60	1874.89
64	2007.65
34	1309.51
50	1815.56
44	1567.79
124	1616.21
2	97.6587
120	1700.55
92	2244.54
124	2778.03
30	1146.88
102	2215.88
124	1612.58
124	1632.35
24	984.658
40	1539.54
120	1491.92
124	1756.24
124	1468.51
122	1560.93
124	1187.64
124	1421.3
122	1563.35
124	1403.94
124	1621.86
124	1417.67
8	285.712
124	1719.12
94	2226.78
124	1678.36
2	98.8694
82	2357.93
54	1684.81
100	2579.08
28	1190.47
124	2167.46
124	1872.46
124	1640.02
32	1291.35
70	2108.54
50	1900.31
124	1658.99
2	97.6587
70	1933
92	2152.12
4	198.949
46	1606.53
36	1411.61
36	1469.72
42	1698.54
82	2281.66
124	1632.76
4	195.317
62	1773.19
90	1969.32
124	1851.48
10	465.291
26	1123.08
124	1817.99
124	1652.13
38	1535.91
54	1909.19
124	1374.89
122	1608.95
124	1317.59
124	1610.97
124	1457.21
124	1363.99
122	1498.38
124	1364.4
124	1629.93
124	1468.92
24	1038.73
118	1497.57
66	2239.69
122	1610.97
2	97.6587
108	2113.79
56	1652.13
116	2231.22
116	2612.57
124	1706.2
124	1628.72
124	1442.69
26	1012.1
76	1886.19
34	1401.12
124	1632.35
2	97.6587
48	1806.28
48	1715.48
2	100.08
32	1342.2
20	870.05
22	870.05
12	556.897
56	1982.63
124	1667.46
2	98.8694
50	1808.3
76	2162.21
104	2895.46
16	728.001
28	1180.78
124	2179.56
124	1806.69
28	863.997
12	556.897
120	1739.7
122	1782.88
124	1461.25
124	1649.3
124	1391.43
124	1363.99
124	1511.69
124	1509.67
124	1613.39
124	1468.92
22	1016.13
122	1587.56
36	1424.93
122	1675.13
2	97.6587
118	1938.65
64	1906.77
124	1858.74
88	1993.13
122	1605.72
124	1610.16
124	1435.83
18	828.081
50	1606.93
16	729.212
122	1615.81
6	294.187
20	874.893
32	1374.89
4	198.949
30	1233.65
0	0
0	0
18	812.343
22	954.392
70	2227.99
122	1698.13
14	556.897
52	1759.47
80	2221.13
24	1094.42
28	1194.1
124	1398.7
124	1393.45
124	1609.75
124	1313.95
124	1596.03
124	1483.44
124	1626.3
2	100.08
86	1951.56
22	970.13
6	291.765
122	1914.84
86	1911.21
124	1719.92
124	1626.3
124	1626.3
0	0
122	1677.15
4	197.739
2	100.08
38	1447.53
