1326.87	10.7005
285.712	47.6187
1303.06	10.5085
1386.19	11.1789
932.6	7.52097
688.05	5.54879
961.252	7.75203
714.281	5.76033
529.455	4.2698
975.78	7.86919
786.919	6.34612
920.897	7.42659
1217.51	9.81859
1032.68	8.32807
796.605	6.42423
932.6	7.52097
880.139	7.0979
786.919	6.34612
655.766	5.28844
734.458	5.92305
813.15	6.55766
1115.41	8.99522
1234.05	9.95202
764.321	6.16388
813.554	6.56092
1057.7	8.52984
1075.86	8.67629
419.69	3.3846
996.765	8.03842
1050.84	8.47452
1658.99	13.3789
970.534	7.82689
782.077	6.30707
1870.85	30.175
98.8694	49.4347
1179.57	10.1687
2130.33	34.3602
262.306	2.11537
1650.51	13.3106
1101.69	8.88457
1390.22	11.2115
447.132	3.6059
1000.4	8.06771
1210.24	9.76001
1127.92	9.09611
419.69	3.3846
1180.38	9.51919
944.303	7.61535
1604.91	12.9428
419.69	3.3846
1180.38	9.51919
1075.46	8.67304
1523.8	12.2887
577.074	4.65382
1049.23	8.4615
999.186	8.05795
1101.69	8.88457
419.69	3.3846
1049.23	8.4615
970.534	7.82689
1232.84	9.94226
236.076	1.90384
1185.22	9.55824
918.073	7.40381
1390.22	11.2115
419.69	3.3846
786.919	6.34612
1206.61	9.73072
1578.68	12.7313
603.305	4.86536
1162.62	9.37599
1154.15	9.30765
1442.69	11.6346
315.978	2.54821
1286.51	10.3751
1532.27	12.357
1626.3	13.1153
1559.31	43.3142
1312.34	10.7569
1654.14	13.3399
285.712	47.6187
1705.4	13.7532
2745.34	24.9576
1205.8	9.88363
1614.6	13.2344
1024.21	8.25972
1442.69	11.6346
792.165	6.38843
1102.9	8.89434
1608.54	12.9721
1180.38	9.51919
1853.09	19.7138
1330.1	10.7266
1580.3	12.7443
1609.75	12.9819
1200.15	9.67865
1663.02	13.6313
1266.74	10.2156
1556.08	12.5491
727.598	5.86772
1447.53	11.6736
1091.19	8.79996
1312.74	10.5866
767.953	6.19317
1188.85	9.58753
1232.84	9.94226
1416.45	11.423
708.631	5.71477
1255.84	10.1278
1577.47	12.7215
1600.07	12.9038
698.139	6.12402
1405.96	11.3384
1142.85	9.21652
1684.41	13.584
903.141	7.2834
1564.56	12.6174
1600.07	12.9038
1603.7	12.9331
866.418	11.4002
1433.4	12.3569
2043.17	19.6458
1594.42	12.8582
97.6587	24.4147
1983.04	36.7229
1950.75	33.6337
100.08	50.04
1465.28	12.6318
2345.83	27.2771
1292.97	10.4272
1638.41	13.213
1236.47	9.97155
1497.57	12.0772
1196.92	9.81086
1293.78	10.4337
1550.03	12.5002
1365.2	11.0097
879.735	43.9868
1703.38	15.4853
1686.83	13.6035
1560.93	12.5881
1832.11	32.7162
2010.07	29.5599
1224.37	10.376
1592	13.0492
974.569	7.85943
1637.2	13.2032
1340.18	10.8079
1472.55	11.8754
1032.68	8.32807
1549.22	12.4937
1551.24	12.51
1442.69	11.6346
1640.02	29.2861
1393.86	11.2408
1774	14.3064
1665.04	13.4277
487.083	48.7083
1863.59	15.5299
1587.96	31.7593
1776.42	14.8035
1664.23	18.4915
1987.07	16.0248
1633.97	13.1772
1637.2	13.2032
792.973	44.054
1898.7	15.5631
2608.94	31.0588
1562.14	12.8044
487.083	48.7083
2211.45	27.6431
1894.66	17.5431
196.528	49.132
1847.44	15.9262
2177.14	31.1021
1598.86	13.3238
2026.62	33.777
1436.23	12.1714
1496.36	12.0674
1352.29	11.0843
1637.2	13.2032
1551.24	12.51
1637.2	13.2032
632.764	45.1974
1552.85	15.8455
1636.39	13.1967
1423.72	11.4816
1629.53	37.0347
2285.29	30.8824
1340.18	12.4091
1655.76	13.3529
1338.17	10.7917
1668.67	13.457
1416.45	11.423
1547.61	12.4807
1297.81	10.6378
1553.66	12.5295
1626.3	13.1153
1522.59	12.2789
956.813	39.8672
1357.13	12.1173
1936.63	29.3429
1723.56	14.1275
1065.37	44.3903
1674.73	13.5059
1714.68	13.828
1629.93	13.1446
1612.18	20.6689
1744.14	14.0656
1640.02	13.4428
1665.04	13.4277
1630.74	37.0623
2108.54	20.672
2109.75	28.5101
1662.62	13.4082
98.8694	49.4347
2116.61	23.5179
2073.84	31.4217
0	50.04
1926.14	28.3255
2200.55	25.5878
2288.12	33.6488
1995.95	35.642
2122.66	17.1183
1639.62	13.2227
391.442	11.513
1983.04	23.6076
1819.2	23.9368
1878.52	15.3977
1438.25	31.2662
2195.71	35.4146
1742.52	14.0526
1813.14	14.6221
1479.41	41.0947
1363.19	34.0797
1581.1	12.9599
1621.86	13.0795
1405.16	11.3319
1651.72	13.3204
1495.15	12.0576
1285.3	10.3653
1603.7	13.1451
1456.41	11.9378
1631.14	13.1544
1421.3	11.4621
1450.35	40.2876
1660.6	13.8383
1415.24	39.3123
1656.97	13.3627
97.6587	24.4147
1795.39	14.9616
1832.92	38.1858
2206.6	29.0342
289.344	48.224
2243.73	23.8695
2303.45	25.0375
1577.07	13.365
1603.7	34.8631
2069.4	23.5159
1985.46	33.091
1672.3	13.4863
98.8694	49.4347
1751.8	15.1018
2495.14	27.7238
100.08	50.04
1725.98	33.1919
2356.72	29.459
1777.63	35.5526
2068.19	32.3154
2199.74	33.3294
1666.65	13.4408
575.056	47.9214
2204.18	27.5523
2386.18	23.3939
2059.71	16.6106
556.897	39.7783
1852.29	34.3016
1688.04	13.6132
1661.81	13.4017
1645.27	39.173
1498.38	37.4594
1739.7	14.7432
1757.05	14.1698
1413.63	11.4002
1631.14	13.1544
1393.86	11.2408
1395.07	11.2505
1425.74	11.4979
1447.93	11.6769
1669.88	13.4668
1522.59	12.2789
984.658	44.7572
1585.54	13.2128
2599.26	21.3054
1663.83	13.418
385.792	48.224
2590.78	21.5898
819.203	29.2573
2619.03	21.1212
2410.8	37.6687
1910.8	15.4097
1683.2	13.5742
1537.52	12.3993
1064.96	35.4988
1983.84	23.068
1504.02	37.6006
1626.7	13.1186
296.608	49.4347
2063.34	30.3433
2238.89	27.3035
97.6587	48.8294
1855.11	34.3539
1512.9	39.8132
1107.34	42.5899
1220.33	40.6777
1884.17	32.4856
1624.28	13.0991
195.317	48.8294
1900.31	30.6502
2304.66	25.0507
1735.66	14.2267
1507.25	39.6646
1577.87	39.4469
1797.4	14.4952
1593.21	12.8485
1698.13	36.9159
1621.46	32.4291
1476.99	11.9112
1568.19	12.6467
1414.03	11.4035
1609.75	12.9819
1346.24	10.8568
1521.38	12.2692
1506.45	12.1488
1487.08	11.9925
1623.07	13.0893
1442.69	11.6346
813.554	40.6777
1525.82	13.8711
1567.79	37.3282
1672.3	13.4863
195.317	48.8294
2086.35	16.8254
1307.9	32.6975
2105.31	17.5443
1834.93	15.8184
1695.31	13.6718
1634.77	13.1837
1615.81	13.0307
1244.95	44.4624
2085.94	31.6052
1180.78	42.1708
1631.14	13.1544
286.923	47.8205
2064.55	31.2811
1313.15	41.0358
197.739	49.4347
1146.88	38.2295
1146.08	44.0799
1299.02	38.2065
922.108	46.1054
1391.03	38.6398
1617.02	13.2542
288.134	48.0223
1518.55	37.9638
1774.4	34.1231
2307.49	25.6388
294.187	49.0311
1236.07	41.2023
1675.13	13.5091
1689.25	13.623
1211.86	35.6428
1130.34	40.3693
1345.43	11.0281
1706.2	13.7597
1437.84	11.982
1623.07	13.0893
1417.67	11.4328
1442.69	11.6346
1466.9	12.0238
1502.81	12.1195
1637.2	13.2032
1363.99	10.9999
380.95	47.6187
1570.21	14.0197
1230.02	41.0005
1977.39	30.8967
195.317	48.8294
1939.86	15.644
1996.76	32.2058
1784.89	15.1262
1989.9	19.899
1709.83	13.789
1657.78	13.3692
1554.87	12.5393
724.369	45.2731
1096.04	32.2364
389.424	48.678
1789.33	15.6959
0	50.04
1274.81	42.4936
1097.65	42.2174
100.08	50.04
723.159	45.1974
100.08	50.04
0	50.04
964.077	40.1699
1146.08	44.0799
2543.16	27.6431
1702.57	13.7304
195.317	48.8294
1373.28	40.3904
2536.3	22.2483
285.712	47.6187
795.394	44.1885
1397.89	11.4581
1424.93	11.4914
1650.51	13.3106
1338.97	10.7982
1470.53	11.8591
1583.52	12.7704
1626.3	13.1153
197.739	49.4347
2189.25	19.5469
380.95	47.6187
100.08	50.04
1791.35	14.6832
2247.36	19.3738
1693.29	13.8794
1626.3	13.1153
1626.3	13.1153
100.08	50.04
1646.48	14.7007
477.398	47.7398
296.608	49.4347
1389.01	40.8533
