72	8.21669
12	46.6098
124	13.1251
124	13.3106
124	12.9656
26	13.255
6	48.8294
30	41.6058
6	49.4347
78	11.7598
36	39.9177
124	13.6132
124	13.3594
124	13.4375
36	20.3119
14	46.4945
34	35.1562
20	44.8342
84	11.0591
36	32.9901
124	13.4961
124	13.7597
124	12.5198
58	15.2096
14	46.3216
36	41.6327
32	41.452
10	46.7713
34	42.7405
120	16.4749
64	35.6258
124	14.6384
18	46.3408
20	43.8657
0	50.04
18	40.3773
8	47.6187
74	5.52425
8	48.0727
46	38.7231
124	13.7402
2	50.04
24	32.5361
18	45.1974
38	39.2716
0	50.04
10	46.7713
42	37.9624
92	23.9717
118	3.68323
62	32.1927
82	26.147
124	13.2325
34	42.8117
124	13.6881
124	13.9745
124	13.3561
36	42.1372
124	14.6026
124	13.3399
124	12.6272
122	4.28687
84	27.129
30	40.9602
124	13.4277
4	49.4347
46	36.3632
4	49.4347
40	38.4481
0	50.04
20	44.471
24	44.3399
34	42.242
16	46.0297
22	42.8312
14	46.4081
124	14.2706
0	50.04
14	47.5322
28	44.9812
2	50.04
30	41.4848
24	42.6752
30	43.0183
24	42.2717
26	41.3792
122	13.1517
0	50.04
32	42.2465
22	46.0229
40	39.1139
2	48.8294
10	47.6187
40	37.9335
84	29.0267
28	42.0411
58	35.6792
80	22.972
122	13.198
122	15.272
124	12.9266
124	12.3375
124	12.5783
70	29.6089
122	11.8716
124	13.0405
124	12.6955
40	39.689
60	29.2371
48	36.9247
124	13.1999
4	49.7373
62	33.833
10	48.4662
44	38.7865
2	50.04
8	47.0134
28	40.0666
62	30.4939
28	41.9114
52	36.7927
22	43.9868
124	13.5644
2	50.04
16	46.3324
10	47.0134
0	50.04
34	43.1322
34	39.7495
50	35.3993
32	40.998
46	39.4863
124	13.3692
4	49.7373
26	42.2174
6	47.8205
50	38.4662
10	48.224
10	47.4976
50	35.1329
72	31.3927
38	37.084
46	36.3544
74	23.8748
124	13.3887
118	13.7959
124	13.2846
124	12.7606
124	13.1544
56	26
124	12.0479
124	13.2064
124	12.9038
40	34.4731
46	29.6082
38	38.0928
124	13.5644
4	48.8294
50	33.1797
16	46.9377
62	31.8413
0	50.04
12	47.5178
32	41.9438
44	37.3282
32	40.771
48	41.0358
30	42.2515
124	13.4635
4	49.7373
16	45.2731
32	41.0358
4	48.8294
40	35.1995
48	37.9083
42	36.7902
54	36.0055
54	35.6244
124	13.2846
6	48.8294
44	38.0161
6	48.6276
60	31.8803
4	48.8294
16	46.3324
62	30.559
122	15.7847
56	33.0982
54	34.3016
52	34.6508
124	13.2357
18	19.6169
108	22.6473
44	34.6134
118	15.1262
114	20.2164
116	15.1713
124	13.1348
124	11.4328
38	36.0114
50	30.7181
54	35.3329
124	13.226
2	48.8294
44	34.6685
10	46.5291
118	19.9072
0	50.04
14	47.6187
58	31.5951
68	29.459
36	38.4156
40	38.5994
28	41.0466
124	13.6132
2	49.4347
46	37.1265
26	42.1708
6	49.4347
42	35.5507
64	33.3936
58	31.9499
52	34.3482
58	34.7191
124	13.0307
2	49.4347
68	30.7824
8	48.0727
68	30.4916
4	49.4347
14	47.5322
54	32.6799
62	34.204
36	38.1129
48	35.5123
50	36.1418
124	13.5351
24	45.9036
124	14.9834
122	14.0217
124	13.994
120	12.5571
124	13.3496
124	13.1739
124	12.5002
16	40.7584
66	28.9638
46	37.5125
124	13.4766
4	48.8294
56	36.4851
10	46.6502
42	37.0976
4	48.8294
10	47.4976
88	24.245
82	29.6805
62	32.3359
62	31.978
44	39.3093
124	12.5491
4	49.7373
38	35.0556
48	37.5048
4	48.8294
56	31.8299
44	39.777
50	32.9134
38	39.1442
56	33.1774
124	12.8224
2	50.04
94	21.2421
6	48.8294
66	34.485
6	48.224
8	47.6187
26	39.02
68	29.459
34	34.6814
46	38.4862
40	37.9335
120	13.6198
6	47.8205
122	15.3481
94	25.7069
120	20.3893
78	25.8944
124	15.1558
124	13.2455
122	12.8838
26	39.1597
36	39.1778
30	42.4936
122	13.7405
4	49.7373
26	42.1708
12	46.4081
68	29.7261
14	46.3216
16	45.6514
114	13.9012
114	15.7702
58	33.7659
48	37.1265
60	32.5462
124	13.0991
2	50.04
72	26.4885
46	37.5125
4	49.7373
32	38.4002
34	40.3548
48	31.6533
36	42.0363
52	36.9324
124	13.2618
2	48.8294
70	26.5996
4	49.4347
94	23.4573
4	49.132
18	45.8027
30	40.9602
70	30.2027
30	40.8122
56	36.2041
44	37.9335
124	13.8248
40	38.9021
124	13.4505
122	13.8397
124	13.789
32	35.424
76	25.9014
122	13.4759
124	12.907
34	43.1322
52	36.5444
26	44.2662
124	13.0633
4	49.7373
26	41.6586
20	43.9868
58	32.6109
2	50.04
4	49.4347
54	36.1923
88	28.7895
32	35.3105
32	40.2792
28	40.9602
124	13.1283
4	49.132
52	32.0511
32	41.225
4	49.132
30	41.4848
28	41.9546
30	40.0455
14	46.3216
28	41.7817
124	13.7499
2	50.04
58	32.75
8	48.3754
110	17.5287
0	50.04
26	43.3815
76	28.3652
122	16.8167
38	37.1796
48	35.5123
34	40.8533
124	13.3204
4	49.132
110	21.8797
28	29.2573
82	28.5584
18	39.3011
82	25.0741
124	14.1763
124	13.2097
14	40.5566
14	40.1242
30	42.0094
124	16.5618
2	48.8294
40	40.4759
18	40.9153
112	18.4263
2	48.8294
8	48.9807
114	17.9685
122	15.2389
28	40.1963
22	43.8217
28	42.9491
124	13.3106
0	50.04
36	39.8616
26	42.2174
2	50.04
22	43.9317
0	50.04
0	50.04
0	50.04
4	49.132
124	13.6816
88	28.1383
2	0
114	19.742
74	30.048
8	49.132
26	43.2418
8	49.132
22	46.298
120	20.0362
116	19.1755
52	31.663
58	32.3187
124	13.3692
0	50.04
16	45.6514
34	36.2481
10	48.3451
120	14.2755
122	19.9624
18	45.1974
50	34.9311
122	13.7901
0	50.04
0	50.04
0	50.04
0	50.04
26	42.2174
