72	591.602
12	559.318
124	1627.51
124	1650.51
124	1607.74
26	344.63
6	292.976
30	1248.18
6	296.608
78	917.265
36	1437.04
124	1688.04
124	1656.57
124	1666.25
36	731.23
14	650.924
34	1195.31
20	896.685
84	928.968
36	1187.64
124	1673.52
124	1706.2
124	1552.45
58	882.157
14	648.502
36	1498.78
32	1326.46
10	467.713
34	1453.18
120	1976.98
64	2280.05
124	1815.16
18	834.135
20	877.314
0	0
18	726.791
8	380.95
74	408.795
8	384.582
46	1781.26
124	1703.78
2	100.08
24	780.866
18	813.554
38	1492.32
0	0
10	467.713
42	1594.42
92	2205.39
118	434.622
62	1995.95
82	2144.05
124	1640.83
34	1455.6
124	1697.32
124	1732.84
124	1656.16
36	1516.94
124	1810.72
124	1654.14
124	1565.77
122	522.999
84	2278.84
30	1228.8
124	1665.04
4	197.739
46	1672.71
4	197.739
40	1537.92
0	0
20	889.421
24	1064.16
34	1436.23
16	736.476
22	942.285
14	649.713
124	1769.56
0	0
14	665.451
28	1259.47
2	100.08
30	1244.54
24	1024.21
30	1290.55
24	1014.52
26	1075.86
122	1604.51
0	0
32	1351.89
22	1012.5
40	1564.56
2	97.6587
10	476.187
40	1517.34
84	2438.24
28	1177.15
58	2069.4
80	1837.76
122	1610.16
122	1863.18
124	1602.89
124	1529.85
124	1559.71
70	2072.62
122	1448.34
124	1617.02
124	1574.24
40	1587.56
60	1754.22
48	1772.38
124	1636.79
4	198.949
62	2097.64
10	484.662
44	1706.61
2	100.08
8	376.107
28	1121.86
62	1890.62
28	1173.52
52	1913.22
22	967.709
124	1681.99
2	100.08
16	741.318
10	470.134
0	0
34	1466.49
34	1351.48
50	1769.96
32	1311.94
46	1816.37
124	1657.78
4	198.949
26	1097.65
6	286.923
50	1923.31
10	482.24
10	474.976
50	1756.65
72	2260.27
38	1409.19
46	1672.3
74	1766.73
124	1660.2
118	1627.91
124	1647.28
124	1582.31
124	1631.14
56	1456
124	1493.94
124	1637.6
124	1600.07
40	1378.92
46	1361.98
38	1447.53
124	1681.99
4	195.317
50	1658.99
16	751.004
62	1974.16
0	0
12	570.214
32	1342.2
44	1642.44
32	1304.67
48	1969.72
30	1267.55
124	1669.48
4	198.949
16	724.369
32	1313.15
4	195.317
40	1407.98
48	1819.6
42	1545.19
54	1944.3
54	1923.72
124	1647.28
6	292.976
44	1672.71
6	291.765
60	1912.82
4	195.317
16	741.318
62	1894.66
122	1925.73
56	1853.5
54	1852.29
52	1801.84
124	1641.23
18	353.105
108	2445.91
44	1522.99
118	1784.89
114	2304.66
116	1759.87
124	1628.72
124	1417.67
38	1368.43
50	1535.91
54	1907.98
124	1640.02
2	97.6587
44	1525.41
10	465.291
118	2349.06
0	0
14	666.662
58	1832.51
68	2003.21
36	1382.96
40	1543.98
28	1149.31
124	1688.04
2	98.8694
46	1707.82
26	1096.44
6	296.608
42	1493.13
64	2137.19
58	1853.09
52	1786.11
58	2013.71
124	1615.81
2	98.8694
68	2093.21
8	384.582
68	2073.43
4	197.739
14	665.451
54	1764.72
62	2120.65
36	1372.06
48	1704.59
50	1807.09
124	1678.36
24	1101.69
124	1857.94
122	1710.64
124	1735.26
120	1506.85
124	1655.36
124	1633.56
124	1550.03
16	652.134
66	1911.61
46	1725.57
124	1671.09
4	195.317
56	2043.17
10	466.502
42	1558.1
4	195.317
10	474.976
88	2133.56
82	2433.8
62	2004.83
62	1982.63
44	1729.61
124	1556.08
4	198.949
38	1332.11
48	1800.23
4	195.317
56	1782.47
44	1750.19
50	1645.67
38	1487.48
56	1857.94
124	1589.98
2	100.08
94	1996.76
6	292.976
66	2276.01
6	289.344
8	380.95
26	1014.52
68	2003.21
34	1179.17
46	1770.37
40	1517.34
120	1634.37
6	286.923
122	1872.46
94	2416.45
120	2446.71
78	2019.76
124	1879.32
124	1642.44
122	1571.82
26	1018.15
36	1410.4
30	1274.81
122	1676.34
4	198.949
26	1096.44
12	556.897
68	2021.37
14	648.502
16	730.423
114	1584.73
114	1797.81
58	1958.42
48	1782.07
60	1952.77
124	1624.28
2	100.08
72	1907.17
46	1725.57
4	198.949
32	1228.8
34	1372.06
48	1519.36
36	1513.31
52	1920.49
124	1644.46
2	97.6587
70	1861.97
4	197.739
94	2204.99
4	196.528
18	824.449
30	1228.8
70	2114.19
30	1224.37
56	2027.43
44	1669.08
124	1714.27
40	1556.08
124	1667.87
122	1688.45
124	1709.83
32	1133.57
76	1968.51
122	1644.06
124	1600.47
34	1466.49
52	1900.31
26	1150.92
124	1619.84
4	198.949
26	1083.12
20	879.735
58	1891.43
2	100.08
4	197.739
54	1954.38
88	2533.48
32	1129.94
32	1288.93
28	1146.88
124	1627.91
4	196.528
52	1666.65
32	1319.2
4	196.528
30	1244.54
28	1174.73
30	1201.36
14	648.502
28	1169.89
124	1704.99
2	100.08
58	1899.5
8	387.003
110	1928.15
0	0
26	1127.92
76	2155.76
122	2051.64
38	1412.82
48	1704.59
34	1389.01
124	1651.72
4	196.528
110	2406.76
28	819.203
82	2341.79
18	707.42
82	2056.08
124	1757.86
124	1638
14	567.793
14	561.739
30	1260.28
124	2053.66
2	97.6587
40	1619.04
18	736.476
112	2063.75
2	97.6587
8	391.845
114	2048.41
122	1859.15
28	1125.5
22	964.077
28	1202.57
124	1650.51
0	0
36	1435.02
26	1097.65
2	100.08
22	966.498
0	0
0	0
0	0
4	196.528
124	1696.52
88	2476.17
2	0
114	2250.59
74	2223.55
8	393.056
26	1124.29
8	393.056
22	1018.56
120	2404.34
116	2224.36
52	1646.48
58	1874.48
124	1657.78
0	0
16	730.423
34	1232.44
10	483.451
120	1713.06
122	2435.41
18	813.554
50	1746.56
122	1682.39
0	0
0	0
0	0
0	0
26	1097.65
