124	11.1464
2	50.04
124	10.8828
124	11.2473
124	9.13842
124	4.65382
124	7.90499
124	7.96357
124	5.81891
124	8.82925
124	6.55766
124	9.37599
124	10.2514
124	8.28901
124	6.78873
124	6.68458
124	7.82689
124	7.40381
124	6.41447
124	5.92305
124	8.73487
124	13.3399
124	7.44286
124	3.3846
124	9.15794
124	11.1855
124	8.84877
124	5.28844
124	9.73072
124	8.24345
124	13.1153
124	9.85765
122	6.14584
34	40.6397
2	50.04
98	6.37442
30	43.6236
124	1.48076
124	13.2227
124	8.67304
124	9.95202
124	3.59614
124	9.81859
124	8.4615
124	8.4615
124	4.10708
124	7.67393
124	9.55824
124	10.7884
124	3.3846
124	9.55824
124	10.8405
124	10.5769
124	3.63519
124	9.98131
124	10.1571
124	10.463
124	3.80767
124	9.51919
124	7.40381
124	9.73072
124	1.71183
124	6.79849
124	8.6828
124	10.8372
124	2.32691
124	8.22393
124	10.8405
124	12.9038
124	6.46328
124	9.46386
124	11.2115
124	11.8461
124	3.17306
124	9.6754
124	13.1934
124	13.1153
0	50.04
122	9.34777
74	28.9355
0	50.04
122	9.01699
58	38.2884
124	6.60648
124	13.2227
124	8.50055
124	10.7982
124	5.49997
124	9.30765
124	9.73072
124	10.6257
124	7.40056
124	8.11328
124	9.30765
124	12.7801
124	5.82867
124	10.3849
124	9.95202
124	12.6922
124	5.7408
124	10.1538
124	11.2701
124	12.0576
124	7.91476
124	9.11564
124	10.7624
124	11.6346
124	5.0769
124	8.89434
124	12.7704
124	12.702
124	5.5911
124	10.2937
124	12.2334
124	13.1544
124	9.02451
124	12.9428
124	13.1153
124	11.6346
94	11.6042
120	11.2792
116	17.9892
124	13.1576
2	48.8294
90	23.4148
92	25.485
2	50.04
100	15.016
122	14.5145
122	10.393
124	13.1348
122	10.8098
124	12.0674
122	9.01038
124	11.0585
124	12.7411
124	12.9038
50	24.2694
120	11.6861
124	12.9363
124	13.0144
80	20.2026
48	34.0326
124	10.6062
124	12.7248
124	8.78369
124	13.2813
124	11.6541
124	12.0576
122	10.092
124	12.0576
124	13.1153
124	12.3082
68	17.6908
124	11.9633
102	22.6106
124	13.6328
8	36.168
76	26.1882
34	20.759
110	24.0111
124	10.5443
124	13.2325
124	13.1446
124	12.6922
38	37.5937
122	12.5894
82	29.4147
124	13.0209
2	50.04
90	26.2172
56	32.9829
0	50.04
62	32.1993
60	33.0506
124	11.8494
52	34.9069
106	19.4084
122	13.0988
82	13.6813
120	14.0771
124	12.6467
124	13.1348
30	36.4673
60	30.3199
124	13.6328
124	12.9363
40	39.2753
50	31.2024
124	12.9493
124	13.4733
122	11.1472
124	12.8485
124	11.2115
124	11.6443
124	11.4198
124	10.6355
124	12.9135
124	11.6346
18	40.9826
106	13.3247
96	22.9014
124	13.7597
10	48.7083
124	14.3162
124	25.6025
122	15.487
60	26.197
66	31.0549
124	13.1869
122	12.4902
36	37.9111
122	17.0913
48	37.0508
124	12.9721
2	50.04
86	27.1457
88	27.6706
4	49.4347
84	24.8903
64	31.275
50	36.3194
76	30.2874
98	24.8265
124	13.2097
4	48.8294
70	28.0293
40	37.0962
108	19.2395
12	46.509
52	36.4901
124	13.4245
122	13.6909
46	33.0559
68	31.7379
116	12.8718
122	12.8275
124	12.3115
124	12.8387
124	10.9999
124	11.423
124	10.8535
124	12.1097
124	13.1251
124	11.9047
34	39.2985
122	13.3469
44	37.3282
124	12.8908
4	49.132
118	14.9928
52	29.0012
124	19.4322
80	27.5573
124	13.4277
124	13.3887
124	11.9535
46	33.398
124	14.173
52	35.7218
124	13.0893
0	50.04
50	31.9045
96	24.4147
4	49.7373
84	25.2458
56	33.6531
50	35.0764
30	43.1393
84	27.6527
124	13.1934
4	49.132
78	26.9446
52	34.2162
124	15.2535
24	43.785
30	37.7856
124	13.9387
124	12.9851
46	39.2495
44	33.9714
122	12.1891
124	13.3985
124	11.3189
124	12.9624
124	11.2115
122	11.3953
122	12.0535
124	11.4621
124	12.9038
124	10.7982
24	44.1381
122	11.8352
60	31.4364
124	13.4408
6	48.8294
124	15.2665
74	24.0875
122	13.8232
106	23.0746
122	13.4428
124	12.6076
124	13.1153
42	36.2425
90	24.1546
40	41.505
124	13.073
2	49.4347
50	31.8803
54	34.0774
6	48.6276
52	36.0943
60	33.6559
30	40.9602
48	36.1932
38	38.7937
124	13.4766
4	24.7173
62	31.5223
38	37.4981
120	14.1343
18	46.7444
20	46.7713
122	15.7648
122	15.9931
26	43.0089
32	35.8401
120	14.8674
124	13.252
124	11.755
124	12.6662
124	11.589
124	10.9999
124	12.0381
124	11.3286
124	13.1641
124	11.423
12	38.7743
122	12.4935
70	29.6666
124	13.1674
12	48.3249
122	18.8543
50	42.0497
124	16.9035
38	22.1845
48	32.0989
122	13.8662
94	18.9668
38	38.6451
56	33.5666
22	43.3815
124	13.418
2	49.4347
78	28.7709
20	43.9868
0	50.04
36	37.4067
42	39.5477
10	38.095
2	48.8294
12	47.9214
124	21.5508
2	48.8294
22	39.988
34	40.6397
92	23.3926
20	44.5921
34	40.9958
122	14.2466
124	12.9298
18	45.3319
22	43.8217
78	19.8308
124	14.697
124	11.6346
124	13.0112
122	10.1152
124	12.3082
124	11.8624
124	10.7428
124	13.1153
124	10.5866
10	38.095
112	13.9548
26	42.1708
124	13.8085
4	49.132
122	16.5124
46	34.1437
124	14.8629
72	36.5548
122	13.5222
124	13.4212
124	13.3496
24	40.1194
16	39.6234
18	43.9868
122	13.7603
4	49.132
32	43.6841
24	43.9363
0	50.04
34	40.8177
0	50.04
0	50.04
4	49.132
6	48.6276
84	28.3493
70	28.4271
40	39.0231
40	37.5401
122	14.068
10	47.9819
14	48.1376
112	12.9352
124	11.5044
124	13.1153
124	11.3286
124	11.8526
124	11.2701
124	13.1153
6	32.5529
118	13.6146
22	45.9128
36	41.431
124	14.0233
124	15.0387
48	28.1139
76	27.9935
72	33.545
6	48.8294
46	39.46
6	49.0311
2	48.8294
26	43.8936
