124	1276.42
2	100.08
124	1280.06
124	1410
124	1159.39
124	367.229
124	1189.26
124	1024.21
124	711.859
124	1209.84
124	1098.46
124	1179.57
124	1290.55
124	924.126
124	1022.19
124	845.434
124	506.857
124	950.76
124	603.305
124	970.534
124	1153.74
124	1357.54
124	813.15
124	579.495
124	1106.93
124	1130.74
124	1099.67
124	655.766
124	1067.39
124	1081.91
124	1626.3
124	1181.59
110	862.786
22	959.235
0	0
70	750.196
28	1244.95
124	157.384
124	1691.67
124	1148.5
124	1285.3
124	475.784
124	1234.05
124	1166.25
124	1370.05
124	655.766
124	1147.29
124	1311.53
124	1337.76
124	340.998
124	1246.16
124	1194.91
124	1338.97
124	183.615
124	1161.41
124	1049.23
124	996.765
124	530.666
124	976.587
124	918.073
124	1291.35
124	104.923
124	813.15
124	918.073
124	996.765
124	367.229
124	681.997
124	1198.54
124	1550.03
124	660.609
124	1121.06
124	1101.69
124	1102.9
124	264.728
124	918.073
124	1626.3
124	1522.59
6	295.397
112	901.527
52	1896.27
0	0
92	1184.41
34	1372.06
124	971.745
124	1686.83
124	1185.22
124	1442.69
124	916.055
124	1290.14
124	1154.15
124	1573.84
124	869.647
124	1173.52
124	1210.24
124	1573.84
124	736.879
124	1292.57
124	1232.84
124	1626.3
124	681.997
124	1186.43
124	1110.16
124	1340.18
122	863.594
124	1102.9
124	1186.43
124	1286.51
124	419.69
124	891.842
124	1311.53
124	1600.07
124	607.34
124	1066.17
124	1263.91
124	1627.51
124	858.751
124	1471.34
124	1372.47
124	1506.04
124	977.798
124	1233.24
124	1644.46
124	1626.3
0	0
96	1852.29
50	1745.35
0	0
98	1661.81
44	1589.17
124	1155.76
124	1643.25
124	1551.24
124	1573.84
108	1236.07
124	1303.46
124	1545.59
124	1627.51
76	1086.76
124	2012.9
124	1619.44
124	1535.91
108	1221.14
66	1877.31
124	1335.75
124	1575.05
124	966.095
124	1609.75
124	1337.76
124	1365.2
124	1016.13
124	1425.33
124	1626.3
124	1443.9
64	921.705
124	1652.93
48	1796.6
124	1644.86
10	280.87
122	1703.78
110	2175.93
122	1748.98
68	1569
124	1810.32
124	1727.99
124	1552.85
46	1146.48
118	2017.34
32	1309.51
124	1679.97
4	197.739
82	2180.78
70	2068.19
2	100.08
62	1827.27
80	2098.86
120	1635.18
80	2230.82
118	1889.01
124	1582.31
8	388.214
62	2024.2
40	1492.32
120	2116.21
18	731.633
56	1877.31
124	1690.46
124	1580.3
52	1811.13
50	1665.04
124	1530.66
124	1652.53
124	1120.25
124	1600.07
124	1313.95
124	1337.76
124	1398.3
124	1279.65
124	1627.51
124	1391.43
46	1743.73
122	1698.54
48	1668.27
124	1891.43
12	558.107
124	1783.28
100	1855.52
124	1681.99
102	2232.03
124	1695.31
124	1610.97
124	1577.47
52	1848.25
122	1780.05
60	2033.88
118	1595.23
2	100.08
76	2239.29
62	1969.32
2	100.08
70	2076.66
100	2156.56
74	2149.3
68	2003.21
82	2068.19
122	1588.37
4	196.528
122	2104.1
60	1843.81
124	1704.99
34	1376.1
50	1829.28
124	1647.69
124	1709.03
24	948.339
66	2064.15
118	1500.39
124	1729.2
124	1240.51
124	1575.05
124	1468.92
124	1285.3
124	1454.39
124	1321.22
124	1601.28
124	1521.38
26	1029.05
122	1732.03
54	1943.09
124	1640.02
2	97.6587
124	1895.87
78	2468.1
118	1797
76	1899.1
124	1787.32
124	1681.99
124	1635.99
32	1309.51
124	2107.33
42	1710.64
124	1672.3
0	0
48	1711.85
64	1898.7
0	0
62	2029.04
52	1813.95
54	1694.5
46	1790.95
64	2005.23
124	1678.36
4	196.528
84	2018.55
16	715.895
64	2058.5
4	198.949
0	0
124	2163.02
124	2799.42
24	878.525
36	1410.4
108	1577.47
124	1660.6
122	1445.91
124	1604.91
124	1363.99
124	1182.8
120	1367.63
124	1413.23
124	1626.3
124	1318.8
18	703.788
124	1736.07
38	1550.43
122	1776.82
6	292.976
120	1736.07
94	2526.21
122	2148.9
34	1190.06
74	2256.64
124	1692.89
124	1640.83
40	1436.63
78	1937.03
34	1424.12
124	1588.77
2	100.08
54	1870.45
48	1777.23
0	0
32	1292.57
62	2000.79
16	723.159
36	1496.36
30	1228.8
124	1647.28
12	576.267
54	2063.34
24	1039.94
122	2512.9
8	380.95
30	1228.8
100	1909.99
68	1825.25
36	1398.7
36	1452.77
118	1479.41
124	1631.95
122	1220.33
124	1607.33
124	1345.03
124	1261.49
124	1272.79
124	1314.36
124	1627.51
124	1495.15
26	1169.08
104	1347.45
76	2111.77
124	1644.46
8	385.792
122	1773.6
114	2351.07
120	1670.69
2	97.6587
44	1617.02
100	1992.32
102	2209.43
54	1962.86
68	2183.6
46	1764.31
124	1608.54
6	294.187
44	1521.78
34	1370.85
0	0
38	1543.57
36	1452.77
8	380.95
20	880.946
26	1087.97
124	1662.62
2	97.6587
44	1625.9
6	192.896
102	2076.26
14	672.715
20	933.004
124	2418.87
124	2173.92
28	1255.84
36	1437.04
112	1714.27
124	1652.93
124	1286.11
124	1618.23
124	1424.93
124	1420.09
124	1360.36
124	1525.01
124	1626.3
124	1442.69
26	1175.13
116	2529.84
26	1136.39
110	1903.94
10	464.081
62	1966.89
20	879.735
70	2200.15
18	853.505
88	2919.27
118	2526.62
120	1797.81
32	1129.94
26	1147.29
26	1136.39
124	1675.94
2	100.08
36	1347.85
34	1393.86
2	98.8694
26	1146.08
0	0
2	100.08
4	198.949
10	484.662
66	2140.42
54	1937.03
40	1270.77
62	2031.06
124	1658.99
0	0
10	464.081
106	1510.89
124	1452.77
124	1626.3
124	1337.76
124	1163.43
124	1416.45
124	1626.3
8	389.424
94	1381.75
24	1054.47
10	478.608
124	2071.82
122	3225.97
4	195.317
86	2242.92
110	1842.2
2	100.08
28	1228
2	100.08
8	393.056
24	1037.52
