124	1253.82
4	196.528
124	1258.67
124	1091.6
124	1100.88
124	340.998
124	1088.77
124	813.15
124	681.997
124	1228.8
124	889.824
124	1209.43
124	1409.59
124	827.678
124	970.534
124	1023
124	635.589
124	932.6
124	709.438
124	891.842
124	961.252
124	1464.07
124	900.316
124	550.844
124	1362.78
124	1051.65
124	1173.52
124	659.398
124	1226.38
124	1192.49
124	1667.46
124	1166.25
114	911.616
28	1209.84
4	195.317
60	778.445
20	882.157
124	158.595
124	1643.25
124	1194.91
124	1390.22
124	447.132
124	1207.82
124	1178.36
124	1446.32
124	472.152
124	1278.44
124	1241.31
124	1286.51
124	401.934
124	1234.05
124	1023
124	1154.15
124	209.845
124	1035.1
124	1160.2
124	970.534
124	550.844
124	1131.55
124	1023
124	1129.13
124	131.153
124	946.725
124	813.15
124	1206.61
124	262.306
124	708.227
124	1026.63
124	1442.69
122	527.034
124	946.725
124	1317.59
124	1333.32
124	183.615
124	1206.61
124	1632.35
124	1390.22
2	100.08
124	1004.03
30	1289.34
0	0
108	1434.21
40	1510.08
124	1079.09
124	1637.2
124	1259.07
124	1311.53
124	942.285
124	1266.33
124	1366.41
124	1627.51
122	923.319
124	1267.55
124	1206.61
124	1600.07
124	655.766
124	1218.72
124	1024.21
124	1600.07
124	583.127
124	970.534
124	1163.83
124	1272.39
124	849.066
124	944.303
124	1371.26
124	1234.05
124	445.921
124	1102.9
124	1365.2
124	1602.49
124	562.95
124	1209.03
124	1023
124	1626.3
124	598.866
124	1352.29
124	1391.43
124	1417.67
124	796.605
124	1110.16
124	1633.56
124	1602.49
6	286.923
106	1489.9
42	1604.1
4	195.317
102	1633.16
30	1230.02
124	1292.57
124	1667.46
124	1626.3
124	1573.84
66	354.719
120	1514.92
62	1923.31
112	1899.1
114	1596.44
120	1872.87
124	1534.69
122	1606.12
114	1123.08
84	2399.9
122	1273.2
124	1599.26
124	1010.08
124	1600.07
124	1232.84
124	1316.37
124	1023.4
124	1259.07
124	1608.54
124	1337.76
82	849.469
110	1306.29
104	2045.59
122	1712.26
10	286.923
124	2441.47
66	1558.91
122	1704.18
120	1282.07
124	1663.83
124	1635.99
124	1395.07
84	1366.41
124	1740.5
60	2059.31
124	1586.35
0	0
46	1589.17
56	1901.52
0	0
70	2087.56
62	2029.85
116	1716.29
94	2125.09
122	1905.15
124	1548.42
4	196.528
84	2284.49
38	1463.67
124	1885.38
18	703.788
16	708.631
124	1664.64
124	1772.79
34	1262.3
30	1231.23
122	1644.06
124	1590.79
124	1404.75
124	1539.54
124	1390.22
124	1521.38
122	1238.09
124	1488.29
124	1600.07
124	1391.43
42	1514.11
122	1510.48
92	2982.63
124	1692.08
6	289.344
82	1664.64
72	1525.41
68	1797.4
122	1905.15
124	1668.67
124	1603.7
124	1525.01
32	1317.99
124	1734.85
66	2186.43
124	1615
0	0
84	2129.52
50	1801.04
2	100.08
70	1983.84
110	2321.61
46	1589.17
64	2215.88
114	3013.3
124	1564.56
8	393.056
68	1896.27
38	1457.21
94	2246.15
6	291.765
26	1098.86
122	2002.41
92	2196.92
48	1661.81
70	2019.76
122	1664.23
124	1607.33
124	1453.18
124	1646.88
124	1527.43
124	1468.92
124	1403.54
124	1458.42
124	1576.26
124	1470.13
18	791.762
108	1332.92
44	1600.07
124	1643.25
8	387.003
124	2011.69
68	2381.34
124	2405.15
74	1895.47
124	1740.5
124	1665.04
124	1627.51
44	1467.71
74	2006.44
42	1593.21
124	1627.91
4	198.949
58	1901.92
64	1962.86
4	196.528
64	1901.52
42	1641.63
40	1315.16
40	1537.92
52	1866.01
124	1579.89
10	487.083
46	1652.13
18	829.292
120	2111.37
2	97.6587
24	1077.47
118	2384.16
112	2616.61
38	1423.72
62	2034.69
124	1563.35
124	1644.06
124	1522.18
124	1645.67
124	1388.21
124	1506.04
124	1361.17
124	1417.67
124	1628.72
124	1342.61
42	1767.54
120	1595.63
40	1619.04
122	1604.51
8	388.214
124	1679.16
106	2875.69
124	2005.23
2	97.6587
42	1567.79
94	2516.12
114	2388.6
58	1664.23
96	2198.53
50	1786.51
124	1528.64
0	0
66	2122.66
44	1690.87
2	100.08
44	1548.82
46	1711.05
28	1175.94
22	964.077
28	1203.78
124	1716.29
6	290.555
40	1462.06
12	577.478
100	1936.23
2	98.8694
6	286.923
98	2054.06
106	2225.17
46	1754.63
54	1949.14
120	1388.61
124	1669.88
124	1466.9
124	1568.19
124	1365.2
124	1418.88
124	1451.56
124	1459.63
124	1600.07
124	1311.53
18	543.58
114	1516.13
30	1230.02
124	1696.52
10	470.134
124	1725.98
122	1759.87
116	1687.24
6	286.923
42	1569
116	1796.19
122	1957.21
30	1096.44
58	2010.07
44	1681.18
124	1656.57
2	98.8694
56	1934.21
36	1452.77
6	295.397
38	1393.86
30	1233.65
20	891.842
20	893.053
30	1260.28
124	1841.79
4	197.739
32	1295.39
24	1085.95
110	1998.37
8	388.214
26	1140.02
122	1710.24
124	1675.53
12	464.081
6	285.712
84	1007.66
120	2960.03
124	1511.29
124	1631.14
124	1315.16
124	1447.53
124	1244.14
124	1449.14
124	1626.3
124	1311.53
18	726.791
94	1338.57
30	1228.8
118	1740.1
2	98.8694
78	2301.44
16	738.897
112	2390.62
8	393.056
10	464.081
94	1815.16
72	2121.05
36	1490.3
36	1468.51
20	894.263
124	1672.3
6	294.187
40	1493.53
16	723.159
2	97.6587
30	1262.7
0	0
0	0
4	195.317
8	385.792
56	1834.93
52	1768.75
34	1037.12
34	1345.43
124	1665.04
2	98.8694
20	910.002
98	1263.51
122	1403.14
124	1635.99
124	1337.76
124	1349.87
124	1495.15
124	1626.3
4	195.317
98	1781.67
12	470.134
30	1265.12
122	1735.66
124	1690.46
8	380.95
122	2079.48
76	2019.76
0	0
8	389.424
0	0
6	296.608
24	1038.73
