124	10.1115
4	49.132
124	10.1505
124	8.80321
124	8.87806
124	2.74999
124	8.78043
124	6.55766
124	5.49997
124	9.90972
124	7.176
124	9.7535
124	11.3677
124	6.67482
124	7.82689
124	8.24996
124	5.12572
124	7.52097
124	5.72127
124	7.19227
124	7.75203
124	11.807
124	7.26062
124	4.44229
124	10.9902
124	8.48102
124	9.46386
124	5.31773
124	9.89019
124	9.61682
124	13.4473
124	9.40528
114	7.99663
28	43.2085
4	48.8294
60	12.9741
20	44.1078
124	1.27899
124	13.252
124	9.63634
124	11.2115
124	3.6059
124	9.74049
124	9.50291
124	11.6639
124	3.80767
124	10.31
124	10.0106
124	10.3751
124	3.2414
124	9.95202
124	8.24996
124	9.30765
124	1.6923
124	8.34759
124	9.35646
124	7.82689
124	4.44229
124	9.1254
124	8.24996
124	9.10587
124	1.05769
124	7.63488
124	6.55766
124	9.73072
124	2.11537
124	5.71151
124	8.27925
124	11.6346
122	4.31995
124	7.63488
124	10.6257
124	10.7526
124	1.48076
124	9.73072
124	13.1641
124	11.2115
2	50.04
124	8.097
30	42.9779
0	50.04
108	13.2797
40	37.752
124	8.70233
124	13.2032
124	10.1538
124	10.5769
124	7.59908
124	10.2124
124	11.0195
124	13.1251
122	7.56819
124	10.2221
124	9.73072
124	12.9038
124	5.28844
124	9.82836
124	8.25972
124	12.9038
124	4.70264
124	7.82689
124	9.38575
124	10.2612
124	6.8473
124	7.61535
124	11.0585
124	9.95202
124	3.59614
124	8.89434
124	11.0097
124	12.9233
124	4.53992
124	9.75025
124	8.24996
124	13.1153
124	4.82956
124	10.9056
124	11.2212
124	11.4328
124	6.42423
124	8.95292
124	13.1739
124	12.9233
6	47.8205
106	14.0557
42	38.193
4	48.8294
102	16.0114
30	41.0005
124	10.4239
124	13.4473
124	13.1153
124	12.6922
66	5.37453
120	12.6243
62	31.0212
112	16.9562
114	14.0038
120	15.6072
124	12.3766
122	13.1649
114	9.85154
84	28.5703
122	10.436
124	12.8973
124	8.14582
124	12.9038
124	9.94226
124	10.6159
124	8.25322
124	10.1538
124	12.9721
124	10.7884
82	10.3594
110	11.8753
104	19.6691
122	14.0349
10	28.6923
124	19.6893
66	23.6198
122	13.9687
120	10.6839
124	13.418
124	13.1934
124	11.2505
84	16.2668
124	14.0363
60	34.3218
124	12.7931
0	50.04
46	34.5473
56	33.9557
0	50.04
70	29.8222
62	32.7395
116	14.7956
94	22.6073
122	15.616
124	12.4872
4	49.132
84	27.1963
38	38.5176
124	15.2047
18	39.0994
16	44.2894
124	13.4245
124	14.2967
34	37.1265
30	41.0409
122	13.4759
124	12.8289
124	11.3286
124	12.4156
124	11.2115
124	12.2692
122	10.1482
124	12.0023
124	12.9038
124	11.2212
42	36.0503
122	12.381
92	32.4198
124	13.6458
6	48.224
82	20.3005
72	21.1863
68	26.4324
122	15.616
124	13.457
124	12.9331
124	12.2985
32	41.1872
124	13.9908
66	33.1277
124	13.0242
0	50.04
84	25.3515
50	36.0207
2	50.04
70	28.3406
110	21.1056
46	34.5473
64	34.6232
114	26.4324
124	12.6174
8	49.132
68	27.8864
38	38.3477
94	23.8952
6	48.6276
26	42.2639
122	16.4132
92	23.8795
48	34.6211
70	28.8537
122	13.6413
124	12.9624
124	11.7192
124	13.2813
124	12.318
124	11.8461
124	11.3189
124	11.7615
124	12.7118
124	11.8559
18	43.9868
108	12.3419
44	36.3652
124	13.252
8	48.3754
124	16.2233
68	35.0197
124	19.3964
74	25.6144
124	14.0363
124	13.4277
124	13.1251
44	33.3569
74	27.1141
42	37.9335
124	13.1283
4	49.7373
58	32.7918
64	30.6697
4	49.132
64	29.7113
42	39.0865
40	32.8791
40	38.4481
52	35.8848
124	12.7411
10	48.7083
46	35.9158
18	46.0718
120	17.5947
2	48.8294
24	44.8948
118	20.2048
112	23.3626
38	37.4663
62	32.8176
124	12.6076
124	13.2585
124	12.2757
124	13.2715
124	11.1952
124	12.1455
124	10.9772
124	11.4328
124	13.1348
124	10.8275
42	42.0843
120	13.2969
40	40.4759
122	13.1517
8	48.5267
124	13.5417
106	27.1291
124	16.1712
2	48.8294
42	37.3282
94	26.7673
114	20.9527
58	28.6937
96	22.9014
50	35.7302
124	12.3278
0	50.04
66	32.1616
44	38.4288
2	50.04
44	35.2004
46	37.1966
28	41.9979
22	43.8217
28	42.9923
124	13.8411
6	48.4258
40	36.5514
12	48.1231
100	19.3623
2	49.4347
6	47.8205
98	20.9598
106	20.9921
46	38.1441
54	36.0952
120	11.5718
124	13.4668
124	11.8298
124	12.6467
124	11.0097
124	11.4425
124	11.7062
124	11.7712
124	12.9038
124	10.5769
18	30.1989
114	13.2994
30	41.0005
124	13.6816
10	47.0134
124	13.9192
122	14.4252
116	14.5451
6	47.8205
42	37.3571
116	15.4844
122	16.0427
30	36.548
58	34.6565
44	38.2087
124	13.3594
2	49.4347
56	34.5394
36	40.3548
6	49.2329
38	36.6804
30	41.1216
20	44.5921
20	44.6526
30	42.0094
124	14.8532
4	49.4347
32	40.4809
24	45.2479
110	18.167
8	48.5267
26	43.8471
122	14.0183
124	13.5124
12	38.6734
6	47.6187
84	11.996
120	24.6669
124	12.1878
124	13.1544
124	10.6062
124	11.6736
124	10.0334
124	11.6866
124	13.1153
124	10.5769
18	40.3773
94	14.2401
30	40.9602
118	14.7466
2	49.4347
78	29.5056
16	46.1811
112	21.3448
8	49.132
10	46.4081
94	19.3102
72	29.459
36	41.3973
36	40.792
20	44.7132
124	13.4863
6	49.0311
40	37.3383
16	45.1974
2	48.8294
30	42.0901
0	50.04
0	50.04
4	48.8294
8	48.224
56	32.7667
52	34.0145
34	30.5035
34	39.5715
124	13.4277
2	49.4347
20	45.5001
98	12.893
122	11.5011
124	13.1934
124	10.7884
124	10.886
124	12.0576
124	13.1153
4	48.8294
98	18.1803
12	39.1778
30	42.1708
122	14.2267
124	13.6328
8	47.6187
122	17.045
76	26.5758
0	50.04
8	48.678
0	50.04
6	49.4347
24	43.2806
