4	198.949
4	197.739
14	652.134
10	482.24
124	1640.83
2	97.6587
0	0
12	567.793
2	97.6587
16	726.791
10	470.134
18	826.871
16	741.318
124	1616.21
24	1043.58
14	660.609
36	1017.75
4	195.317
22	962.866
46	1357.13
4	195.317
4	195.317
70	1999.18
10	479.819
2	100.08
2	97.6587
0	0
2	98.8694
4	196.528
0	0
0	0
30	1260.28
2	100.08
0	0
2	100.08
28	1102.49
14	636.396
30	1228.8
36	1452.77
50	1799.83
124	1666.25
6	294.187
64	1899.1
6	296.608
50	1847.04
8	390.635
0	0
44	1587.96
104	1994.74
42	1560.93
62	1976.58
98	1593.61
124	1648.5
120	1716.69
124	1629.12
124	1523.8
124	1363.99
124	1862.38
124	1427.75
124	1615.81
124	1417.67
42	1641.63
96	1721.94
40	1674.73
124	1635.18
0	0
20	879.735
6	292.976
28	1219.52
2	97.6587
4	196.528
54	1859.55
40	1563.35
26	1127.92
36	1519.36
26	1098.86
124	1608.95
4	196.528
14	650.924
18	817.185
2	98.8694
44	1637.6
28	1196.52
48	1671.09
50	1814.35
72	2158.58
124	1648.5
10	477.398
120	1848.25
78	2110.56
116	1781.67
14	665.451
84	2366.81
72	2045.18
122	1866.41
44	1566.57
68	1991.11
106	1696.52
124	1621.86
122	1572.63
124	1644.46
124	1391.43
124	1363.99
124	1771.58
124	1378.92
124	1626.3
124	1340.18
44	1537.92
118	1866.01
38	1468.11
124	1619.44
8	380.95
100	2048.41
30	1201.36
108	2188.04
82	2035.5
104	1734.45
122	1581.91
124	1663.83
62	2118.23
36	1425.33
28	1266.74
124	1626.7
0	0
18	809.922
18	817.185
0	0
48	1527.83
38	1543.17
80	2171.9
60	2127.1
66	2039.13
124	1619.84
0	0
122	2356.32
26	1137.6
124	2361.16
18	791.762
98	2305.88
72	2156.97
122	1637.6
62	2240.5
92	2638.8
124	1832.51
124	1635.58
124	1518.15
124	1643.25
124	1468.92
124	1525.01
124	1643.65
124	1491.92
124	1578.68
124	1442.69
28	1125.5
104	1721.54
34	1200.96
124	1883.36
34	1471.34
124	1678.76
124	1707.41
124	1677.15
18	796.605
102	1606.93
94	1822.83
108	1567.79
46	1696.52
72	2407.97
46	1828.48
124	1611.37
2	100.08
24	927.758
24	1048.42
4	197.739
76	2045.59
40	1563.35
96	2193.29
58	1977.39
64	2110.56
124	1634.77
16	764.321
120	1670.69
50	1675.53
120	1949.14
24	1102.9
52	2146.88
118	1866.01
124	1884.17
46	1748.58
60	1958.82
114	1658.18
124	1872.46
124	1416.45
124	1650.51
124	1391.43
124	1365.2
124	1496.36
124	1297.41
124	1629.93
124	1365.2
38	1480.62
86	1746.56
108	2278.43
122	1722.34
20	527.841
124	1837.76
52	1744.14
62	2012.9
14	675.136
78	2627.1
122	2171.49
124	2022.99
58	1825.65
82	2340.98
46	1712.26
124	1558.5
2	98.8694
36	1416.45
36	1443.09
0	0
56	1853.09
58	2054.87
92	1966.09
70	2192.88
42	1545.99
124	1655.36
2	97.6587
116	1990.7
58	1754.22
84	2594.41
18	817.185
56	2048.01
124	1656.57
124	1679.57
64	1953.98
70	2011.69
122	1528.24
124	1547.61
120	1286.11
124	1545.59
124	1237.68
124	1285.3
124	1257.46
124	1182.8
124	1638.41
124	1311.53
34	1330.9
116	1375.7
76	2087.56
124	1676.34
0	0
108	2945.5
50	1605.72
112	2887.79
24	847.048
98	2288.93
124	1599.67
124	1658.99
46	1681.59
46	1694.1
50	1851.88
124	1618.23
2	100.08
38	1499.59
46	1749.79
4	198.949
54	1752.21
58	1978.6
60	2007.25
30	1254.23
50	1775.61
124	1656.57
2	97.6587
102	2404.74
12	552.054
108	1939.45
4	97.6587
12	576.267
42	1464.48
92	2330.09
60	1886.99
42	1592
122	1523.4
124	1620.65
122	1332.52
124	1602.49
124	1456
124	1427.35
124	1220.33
124	1502.81
124	1633.56
124	1472.55
22	981.026
124	1573.44
80	2353.09
124	1635.18
8	383.371
122	1972.95
78	2033.88
122	1903.94
4	197.739
54	1980.62
112	3014.1
124	1835.74
40	1374.08
72	1925.33
78	2326.86
124	1602.89
6	292.976
54	1596.03
50	1778.03
0	0
42	1571.42
44	1660.6
30	1292.97
34	1465.28
14	649.713
124	1654.14
2	100.08
36	1452.77
6	285.712
64	2057.29
2	98.8694
12	570.214
52	1675.53
116	2034.69
38	1475.37
46	1818.79
120	1459.63
122	1623.07
122	1551.24
124	1604.91
124	1365.2
124	1286.51
124	1472.14
124	1343.82
124	1626.3
124	1456
24	1056.89
106	1552.05
52	1822.42
124	1532.68
12	565.371
120	1838.16
52	1846.64
44	1702.97
0	0
8	380.95
108	2432.59
110	2247.76
40	1510.48
54	1809.91
46	1708.62
124	1594.42
4	198.949
52	1771.98
48	1895.87
2	98.8694
18	791.762
32	1348.26
8	380.95
16	740.108
14	653.345
124	1760.68
2	100.08
46	1700.55
8	393.056
60	1949.14
4	197.739
6	285.712
90	2219.11
124	1892.64
18	703.788
36	1345.43
108	1718.31
118	1875.69
124	1397.08
124	1640.83
124	1390.22
124	1443.9
124	1476.18
124	1433.4
124	1600.07
124	1600.07
16	736.476
110	1648.9
38	1464.48
124	1656.57
6	291.765
124	2438.24
38	1626.7
124	1806.69
6	286.923
14	663.03
88	2089.17
70	2037.92
40	1415.24
34	1381.75
28	1150.52
124	1685.62
4	196.528
32	1291.35
28	1186.84
2	100.08
22	991.922
0	0
0	0
6	292.976
12	560.529
90	2757.85
92	2495.95
8	389.424
64	2024.6
108	2716.69
6	292.976
24	1090.79
96	1805.88
124	1531.87
124	1685.62
124	1447.53
124	1492.73
124	1552.45
124	1626.3
12	578.688
70	2140.82
18	806.29
18	792.973
80	2207.81
114	1760.28
4	196.528
86	2286.51
94	2983.43
0	0
6	294.187
0	0
0	0
26	1098.86
