124	10.8242
0	50.04
124	10.7168
124	9.30114
124	8.05795
124	2.11537
124	8.10026
124	7.19227
124	3.80767
124	9.5322
124	6.98074
124	9.16771
124	11.1399
124	7.4331
124	6.15411
124	8.39641
124	5.71151
124	7.2118
124	6.34612
124	7.19227
124	7.8757
124	9.57126
124	8.03842
124	4.94347
124	9.49315
124	8.76091
124	10.0985
124	5.71151
124	8.94315
124	10.515
124	13.1153
124	9.64611
112	9.39331
26	45.244
2	50.04
74	14.3641
14	45.1974
124	1.05769
124	13.1153
124	8.50055
124	10.3653
124	4.23075
124	9.95202
124	8.4615
124	9.95202
124	2.74999
124	9.98457
124	7.82689
124	10.0692
124	2.54821
124	10.8275
124	7.05884
124	8.03842
124	1.6923
124	8.04819
124	8.73162
124	8.81948
124	4.44229
124	8.96268
124	8.24996
124	9.53871
124	1.05769
124	8.06771
124	7.45263
124	10.1538
124	3.42365
124	6.38518
124	8.48102
124	12.0576
124	5.0769
124	8.05795
124	9.7893
124	11.9535
124	1.6923
124	8.99197
124	13.2813
124	10.7884
4	49.132
120	10.2468
30	41.848
0	50.04
92	16.3306
34	39.9988
124	9.16445
124	13.3008
124	11.5109
124	10.1636
124	5.25264
124	11.3579
124	9.2328
124	12.9428
124	4.75146
124	11.6443
124	9.51919
124	12.5002
124	5.7408
122	9.46023
124	10.1538
124	12.0674
124	5.28844
124	10.1538
124	9.02126
124	11.2115
124	6.98074
124	9.42481
124	10.4044
124	10.3751
124	4.01921
124	9.11564
124	12.0218
124	13.1251
124	6.38843
124	8.70233
124	10.8275
124	13.1153
124	8.15884
124	12.0772
124	10.9999
124	11.6346
124	5.7408
124	11.1562
124	13.1153
124	12.9038
4	49.132
118	10.4341
52	35.1398
2	50.04
96	16.8229
36	38.7743
124	10.7168
124	13.2422
124	12.9526
124	12.4807
12	0
96	18.021
24	35.2432
124	17.1866
94	12.686
74	28.7719
124	12.9396
124	14.4073
124	8.7902
70	28.4156
124	9.30114
124	13.1381
122	6.80409
122	13.2245
124	10.6159
124	9.94226
120	8.80744
124	9.75025
124	12.9721
124	11.2212
80	14.5731
124	11.7712
114	16.7897
124	13.5351
10	37.1265
124	14.7393
50	28.6761
88	25.4969
124	9.73723
124	13.1251
124	12.9721
122	11.6103
70	18.4998
122	14.9048
48	36.2941
124	13.1056
4	49.4347
60	32.257
38	40.1637
0	50.04
64	33.381
56	33.8044
124	12.6922
68	29.6549
120	14.5177
124	12.8908
2	49.4347
74	26.8469
26	42.2174
84	25.6109
14	39.9513
22	44.0418
124	14.4138
124	13.6718
56	36.8382
66	29.4896
120	12.5268
124	13.3431
122	9.30808
124	12.9233
124	11.231
124	11.4328
122	9.64216
124	10.5964
124	12.9038
124	11.0292
30	43.1797
122	11.6268
100	26.9772
124	13.5937
6	49.2329
124	17.5251
74	35.7958
124	14.4138
120	10.8016
82	21.4816
124	12.7118
124	12.7508
40	34.5942
118	14.1823
72	28.8201
124	13.1837
4	49.4347
58	30.2035
60	35.0885
0	50.04
68	27.2039
64	31.6912
76	30.1599
62	33.8916
112	16.2608
124	12.8973
4	49.4347
96	20.9341
32	44.2516
120	14.4605
10	48.4662
10	46.5291
86	23.1618
108	24.2802
42	30.7081
72	28.1979
120	13.8787
124	13.252
124	11.8721
124	13.0307
124	11.423
124	11.6443
124	9.24581
124	11.4718
124	13.1641
124	11.6346
26	39.7185
108	14.5838
40	39.2653
124	13.4766
22	46.7933
120	14.3798
112	18.3254
122	13.5056
14	46.4081
64	34.6989
124	14.1307
124	14.3292
40	37.2475
38	38.5389
36	39.8168
122	16.3371
2	49.4347
46	36.2492
58	32.2352
2	50.04
40	32.2435
66	30.688
54	35.587
26	42.3105
58	35.5123
124	13.2422
8	48.8294
38	39.1761
14	46.6675
124	14.7263
4	48.8294
6	48.6276
120	15.0759
122	15.8045
34	36.0701
72	31.0228
118	14.408
124	12.8517
124	12.523
124	12.8094
124	11.5109
124	10.7884
122	10.79
124	11.7712
124	13.2715
124	11.423
40	35.8351
124	12.8973
88	27.1478
124	13.0698
6	49.2329
124	15.8816
40	36.5615
124	14.5896
14	38.9136
62	32.1342
124	13.9582
124	13.5156
64	34.5664
98	20.1404
42	38.7983
124	13.457
2	49.4347
56	36.2041
66	32.1188
2	49.4347
60	33.0035
46	37.9599
38	37.9123
28	42.0843
32	41.906
124	13.2748
0	50.04
50	33.4138
6	48.8294
44	36.1176
4	49.7373
14	45.8892
72	28.0746
106	19.0772
38	36.3512
24	42.1708
116	11.0767
124	13.6523
122	10.9785
124	13.3985
124	10.7884
124	11.6346
124	11.8754
124	11.7029
124	13.1251
124	11.4621
20	43.442
98	15.1084
42	38.3083
124	14.3813
12	46.2063
98	25.6418
20	45.6211
116	18.4693
6	49.0311
32	40.3548
114	18.3721
50	35.8755
42	36.9343
58	33.7589
38	39.1442
124	12.9428
0	50.04
50	36.1741
50	36.6745
2	50.04
26	38.9269
28	43.2085
22	35.9892
24	45.9036
22	45.5276
124	13.4863
2	49.4347
36	39.346
18	44.9956
94	26.5741
4	48.8294
2	48.8294
116	16.3681
112	23.2761
24	42.1372
38	41.4062
106	17.2955
124	13.6425
120	11.4608
124	13.0014
124	11.0292
124	11.6931
124	12.5328
122	11.65
124	12.9331
124	11.423
12	46.509
116	14.3329
28	42.8194
122	13.5916
4	49.4347
104	21.163
18	44.054
118	15.0441
2	50.04
12	46.509
80	26.3063
88	24.4651
28	40.8449
32	40.8088
32	41.1872
124	13.1446
0	50.04
40	34.685
38	42.1071
0	50.04
24	42.3726
0	50.04
0	50.04
2	50.04
8	47.6187
62	32.0365
56	33.1486
24	42.1708
30	40.9602
124	14.1405
2	49.4347
12	46.7107
74	19.4249
122	10.8991
124	13.5059
124	11.4328
120	12.547
124	11.589
124	13.1153
12	48.4258
90	21.137
20	45.8027
4	49.4347
78	26.2617
100	25.1855
6	48.6276
114	16.0782
122	17.035
0	50.04
20	47.316
0	50.04
2	50.04
14	45.1974
