122	521.385
38	1544.38
124	1741.31
124	1626.3
124	1648.09
26	435.025
24	1092
26	1126.71
8	382.16
82	956.813
34	1384.17
124	1671.09
124	1669.08
124	1363.99
124	660.205
124	1312.34
124	1766.73
124	1697.73
124	764.321
124	1426.14
124	1590.38
124	1681.99
124	1604.91
110	821.221
10	476.187
44	1787.72
8	380.95
64	323.646
30	1297.81
124	1626.3
124	1626.3
124	1686.83
68	661.416
18	792.973
0	0
20	901.527
20	874.893
122	318.803
4	196.528
12	550.844
118	2537.11
0	0
8	384.582
16	741.318
42	1589.58
4	198.949
14	666.662
100	1530.26
60	1984.25
124	288.537
124	1639.62
124	1633.56
124	1631.14
4	196.528
116	1880.54
100	1669.88
122	1790.95
124	975.78
124	1634.77
124	1606.12
124	1626.3
120	454.799
120	1345.03
96	2238.48
124	1636.79
12	573.846
38	1432.19
10	484.662
54	1836.55
0	0
18	813.554
10	465.291
26	1114.6
54	493.54
24	1054.47
6	288.134
120	2474.56
2	100.08
14	647.292
18	812.343
2	100.08
34	1413.23
24	1020.57
26	1114.6
36	1411.61
46	1662.62
124	1724.36
2	100.08
30	1115.81
18	799.026
50	1856.73
4	198.949
10	478.608
58	1977.39
120	2067.78
84	1426.14
60	2185.21
86	2087.15
124	1648.5
52	1916.85
124	1660.6
124	1669.88
124	1634.77
22	433.815
84	1767.54
114	1787.32
116	1714.68
50	1746.96
74	2178.76
42	1658.58
124	1656.97
4	197.739
34	1369.64
12	562.95
68	2215.08
0	0
22	985.869
22	993.133
40	1594.82
14	650.924
14	637.606
14	633.975
124	2014.92
2	98.8694
38	1607.33
24	1013.31
0	0
28	1180.78
34	1395.07
30	1064.96
22	954.392
30	1263.91
90	1687.24
6	296.608
26	1096.44
18	848.662
38	1511.69
2	98.8694
4	197.739
60	2021.78
84	2062.94
60	1773.19
50	1820.41
72	2154.95
124	1636.39
10	288.134
120	1882.96
32	1180.78
98	2433.4
26	1177.55
72	2200.95
124	1742.93
124	1681.99
28	983.044
66	1803.46
56	2037.11
124	1613.39
4	196.528
46	1661.41
10	482.24
62	1936.63
0	0
10	483.451
20	917.265
72	2071.41
30	1231.23
52	1780.05
32	1269.56
124	1672.3
0	0
36	1509.67
30	1228.8
4	198.949
52	1741.71
30	1253.02
64	2435.01
60	2077.47
60	2012.09
124	1646.88
2	100.08
32	1264.72
6	289.344
62	2127.91
2	98.8694
14	660.609
58	1624.28
70	2138.4
48	1444.7
48	1733.64
74	2080.7
124	1612.58
6	285.712
122	2018.15
74	2324.04
124	1845.43
2	100.08
18	813.554
84	2246.96
84	2653.73
56	1681.59
56	1885.78
70	2175.93
124	1641.23
12	575.056
54	1999.99
20	917.265
40	1523.4
2	100.08
16	754.635
40	1441.47
58	1909.59
50	1675.53
46	1782.47
42	1716.69
124	1650.51
2	100.08
38	1467.3
22	964.077
0	0
48	1757.86
30	1230.02
70	2133.56
42	1685.22
32	1315.57
124	1630.34
2	98.8694
48	1771.17
8	388.214
56	1979
4	198.949
8	389.424
60	1717.1
120	1807.49
50	1724.36
44	1519.36
80	2471.73
124	1617.02
2	97.6587
40	1419.68
28	1200.15
68	2222.34
10	464.081
14	649.713
106	2329.68
116	2023.8
56	1644.06
76	2140.82
38	1464.48
124	1600.47
2	98.8694
56	1958.82
6	285.712
62	1985.05
2	100.08
16	737.686
46	1763.1
94	2200.15
50	1606.93
40	1563.35
34	1372.06
124	1629.12
2	100.08
74	2085.94
38	1545.59
0	0
46	1589.17
30	1265.12
46	1663.83
48	1838.97
42	1680.38
124	1582.72
0	0
58	1832.51
2	97.6587
60	1955.19
0	0
6	294.187
62	1914.43
66	2115
28	1095.23
54	1876.5
50	1960.84
124	1621.05
2	97.6587
72	2095.22
14	644.87
72	2108.94
8	393.056
6	295.397
58	1899.1
70	2087.56
34	1372.06
30	1231.23
72	2233.64
124	1650.51
4	195.317
56	1960.03
2	98.8694
56	1880.94
6	291.765
8	391.845
56	1857.94
84	2303.45
54	1919.28
52	1879.32
58	1974.97
122	1632.76
4	198.949
60	2090.78
44	1603.7
2	100.08
26	1130.34
42	1527.83
50	1640.83
34	1341.8
40	1550.03
124	1656.57
4	198.949
56	1783.68
10	472.555
58	1943.49
4	196.528
10	481.03
46	1615.81
60	2095.63
22	967.709
32	1305.88
26	1096.44
122	1715.08
2	100.08
50	1837.36
4	195.317
72	2217.9
2	98.8694
2	97.6587
54	1852.29
94	2491.91
30	1168.68
38	1523.8
34	1399.91
122	1641.63
0	0
40	1587.56
14	652.134
50	1753.82
8	391.845
10	471.345
124	1797
124	1751
32	1291.35
46	1683.6
32	1316.78
124	1649.3
2	100.08
42	1579.08
38	1521.38
4	198.949
42	1547.61
38	1487.48
16	725.58
20	884.578
26	1114.6
122	1666.65
2	97.6587
42	1652.53
10	479.819
48	1723.96
2	100.08
24	1079.9
32	1210.65
86	2024.6
24	1043.58
44	1730.82
18	835.345
124	1668.67
4	195.317
52	1753.82
6	285.712
32	1344.62
2	100.08
12	579.899
60	1896.27
90	2253.01
20	917.265
24	1054.47
30	1225.17
124	1746.15
2	100.08
18	794.183
16	720.737
86	2397.88
6	291.765
8	383.371
90	2309.91
106	2066.97
24	932.6
24	1078.68
32	1428.16
106	1924.12
0	0
12	556.897
30	1315.97
2	97.6587
40	1571.82
0	0
0	0
0	0
8	390.635
124	1751
62	1882.96
16	737.686
122	1965.68
124	2059.71
2	97.6587
24	867.629
2	98.8694
4	197.739
30	1243.33
30	1195.31
18	812.343
36	1474.57
122	1653.34
0	0
4	195.317
10	464.081
4	195.317
40	1559.71
112	2144.46
42	1654.95
46	1776.42
122	1650.92
0	0
2	100.08
0	0
2	100.08
28	1151.73
