1276.83	10.297
0	50.04
1299.83	10.4825
1351.89	10.9023
1238.89	9.99108
183.615	1.48076
1003.22	8.09049
1161.82	9.36948
498.382	4.01921
1352.69	10.9088
869.243	7.01003
1336.15	10.7754
1472.95	11.8786
958.831	7.73251
666.662	5.37631
1191.27	9.60706
736.879	5.94258
862.383	6.9547
694.103	5.59761
1127.92	9.09611
727.598	5.86772
1318.8	10.6355
924.126	7.45263
579.495	4.67335
1130.74	9.11889
950.356	7.66416
1119.85	9.03102
723.966	5.83843
1127.92	9.09611
1291.76	10.4174
1627.51	13.1251
1180.38	9.51919
937.039	8.36642
1203.78	42.9923
100.08	50.04
1024.21	14.2251
831.713	46.2063
131.153	1.05769
1638.41	13.213
1161.41	9.36623
1377.31	11.1073
445.921	3.59614
1212.66	9.77954
1147.29	9.25232
1469.32	11.8494
369.65	2.98105
1225.98	9.88694
1180.38	9.51919
1482.23	11.9535
314.768	2.53845
1296.2	10.4532
1175.94	9.48339
1129.13	9.10587
209.845	1.6923
1137.6	9.17422
1335.75	10.7721
1085.14	8.75114
757.46	6.20869
1156.57	9.32717
1104.11	8.9041
1175.94	9.48339
52.4613	0.423075
960.042	7.74227
786.919	6.34612
1207.82	9.74049
209.845	1.6923
554.475	4.47158
1024.21	8.25972
1447.53	11.6736
577.074	4.65382
865.611	6.98074
1074.65	8.66653
1329.69	10.7233
131.153	1.05769
997.975	8.04819
1637.2	13.2032
1470.13	11.8559
198.949	49.7373
964.077	9.09507
1682.8	40.0666
0	50.04
1063.75	19.6991
1571.82	39.2955
1128.72	9.10262
1685.62	13.5937
1560.93	12.5881
1428.56	11.5207
681.19	5.58352
1510.08	12.178
1266.33	10.2124
1638.41	13.213
973.359	7.84967
1566.98	12.6369
1062.54	8.56889
1608.54	12.9721
713.07	5.75056
1285.3	10.3653
945.514	7.62511
1521.38	12.2692
629.535	5.0769
970.534	7.82689
1222.35	9.85765
1180.38	9.51919
832.52	6.71387
1033.89	8.33783
1286.51	10.3751
1363.99	10.9999
367.229	2.96152
1148.5	9.26209
1448.74	11.6834
1600.07	12.9038
604.515	4.87512
1125.9	9.07984
1132.76	9.13516
1626.3	13.1153
703.788	5.67571
1343.82	10.8372
1315.16	10.6062
1495.15	12.0576
839.784	6.77245
1248.98	10.0724
1626.3	13.1153
1628.72	13.1348
393.056	49.132
1562.14	13.2384
1666.25	36.2229
100.08	50.04
1619.04	16.865
1579.08	39.4771
1448.34	11.6801
1626.3	13.1153
1658.99	13.3789
1575.05	12.702
196.528	49.132
1579.49	20.7827
1696.11	40.3837
2059.71	16.6106
1063.35	17.1508
1661.41	36.1176
1614.19	13.0177
1673.52	13.4961
1475.78	12.5066
2400.71	23.0837
1230.02	10.6036
1615	13.0242
818.396	6.59997
1610.97	12.9917
1243.74	10.0301
1265.12	10.2026
857.54	6.91565
1206.61	9.73072
1600.07	12.9038
1423.72	11.4816
1051.24	9.55676
1299.43	10.4792
2340.58	28.5437
1912.01	15.4195
97.6587	24.4147
1894.26	16.3298
2184.41	28.7422
1840.18	15.0834
1261.09	10.1701
1629.93	13.1446
1645.67	13.2715
1601.28	12.9135
1090.39	15.577
1627.91	14.5349
1900.71	31.6785
1585.95	12.9996
97.6587	48.8294
1896.68	37.9335
1832.11	35.2329
195.317	48.8294
1861.57	30.0253
2096.84	34.9473
1471.34	13.3758
2418.47	30.2308
1824.85	16.2933
1595.63	12.868
292.976	48.8294
2222.34	28.4916
1322.02	44.0675
1919.28	18.1064
286.923	47.8205
546.001	45.5001
2013.3	28.7615
2501.19	27.791
2370.44	32.033
2261.89	32.3127
1476.18	12.51
1631.55	13.1576
1138.01	9.32792
1628.72	13.1348
1311.53	10.5769
1418.88	11.4425
1188.05	9.58102
1398.7	11.2798
1629.93	13.1446
1391.43	11.2212
1892.64	36.397
1644.46	13.9361
1748.98	28.2093
1624.69	13.1023
1374.89	42.9653
1715.89	13.8378
1771.98	14.5244
1675.94	13.5156
285.712	35.714
1914.43	36.816
2284.49	29.2883
2577.87	20.7893
2247.76	36.2543
1836.95	14.8141
2491.1	25.4194
1630.34	13.1479
98.8694	49.4347
2051.24	29.3034
1887.4	34.9518
196.528	49.132
1872.87	33.4441
1853.5	34.324
1800.63	28.1349
2077.06	37.0904
2008.86	31.3885
1669.08	13.4603
195.317	48.8294
1968.51	22.3694
556.897	46.4081
2003.62	18.552
289.344	48.224
1105.32	46.055
2290.94	20.096
2389.41	20.5984
1602.49	33.3852
1813.95	34.8837
1538.73	13.7387
1652.93	13.3301
1330.1	10.7266
1634.77	13.1837
1368.84	11.039
1553.66	12.5295
1153.74	9.30439
1397.49	11.2701
1627.51	13.1251
1468.92	11.8461
1302.65	43.4218
1626.3	13.1153
1787.32	34.3715
1652.93	13.3301
195.317	48.8294
2230.01	18.5834
1032.68	43.0283
1892.64	15.2632
723.159	45.1974
2081.91	20.0183
1785.7	14.4008
1617.02	13.0405
1422.1	33.8596
1811.53	34.8371
1315.97	43.8657
1861.57	15.0127
0	50.04
1878.11	34.7799
1567.79	37.3282
0	50.04
1356.33	33.9082
2026.62	33.777
1988.69	34.2877
1451.56	40.3212
1713.47	37.2493
1587.16	12.7996
296.608	49.4347
1603.3	30.8326
465.291	46.5291
2370.04	25.7613
295.397	49.2329
571.425	47.6187
1692.48	14.5904
2317.98	25.1955
1309.51	38.5151
1939.05	31.275
1632.35	13.3799
1615.81	13.0307
1485.46	11.9795
1658.99	13.3789
1393.86	11.2408
1349.87	10.886
1552.05	12.5165
1422.51	11.4718
1631.14	13.1544
1468.92	11.8461
1267.55	42.2515
1698.94	14.646
1919.28	33.091
1643.65	13.4726
100.08	50.04
1786.51	14.4073
2328.07	20.7863
1740.5	14.2664
192.896	32.1494
1797.4	35.9481
1729.61	13.9485
1801.04	14.7626
2213.87	26.3556
1736.07	32.1494
1486.27	39.1123
1642.44	13.2455
0	50.04
1552.45	35.283
2151.72	30.7389
294.187	49.0311
1752.21	32.4483
1756.24	35.1249
1776.42	38.6178
1154.15	41.2196
1270.77	39.7117
1643.25	13.252
290.555	48.4258
1666.25	32.0433
922.108	46.1054
1882.15	33.6098
98.8694	49.4347
195.317	48.8294
1943.49	28.5807
2512.9	27.3141
1443.49	42.4557
1260.28	42.0094
1367.63	12.433
1621.05	13.073
1300.23	10.4857
1633.56	13.1739
1185.22	9.55824
1416.45	11.423
1331.31	10.7363
1286.51	10.3751
1576.26	12.7118
1365.2	11.0097
1527.43	38.1858
1517.34	13.31
1878.11	36.1176
1681.99	13.5644
98.8694	49.4347
1986.27	21.1305
382.16	47.77
1917.66	35.5123
0	50.04
380.95	47.6187
1958.02	31.5809
2236.87	30.228
1932.59	33.3206
2037.11	32.8566
1456	38.3159
1613.79	13.0144
198.949	49.7373
1886.99	33.6963
1949.14	36.0952
0	50.04
1374.89	40.4379
1473.36	40.9265
835.345	46.4081
870.05	43.5025
384.582	48.0727
1799.42	14.5115
97.6587	48.8294
1333.32	39.2154
556.897	46.4081
2382.15	32.1912
97.6587	48.8294
633.975	45.2839
2342.6	26.6204
1580.3	39.5074
1013.31	42.2213
1702.97	38.704
1779.65	16.7891
1648.09	13.2911
1315.97	10.7866
1556.08	12.5491
1321.22	10.655
1548.82	12.4905
1420.89	11.6467
1188.85	9.58753
1601.28	12.9135
1421.3	11.4621
575.056	47.9214
1420.49	12.9135
1227.59	40.9198
1770.37	14.2772
196.528	49.132
2149.3	27.5551
972.552	44.2069
2000.39	31.2561
478.608	47.8608
479.819	47.9819
1795.79	30.9619
2468.1	23.7317
879.735	39.988
1387.8	40.8177
786.919	43.7177
1626.3	13.1153
0	50.04
1631.95	37.0898
1424.93	39.5814
296.608	49.4347
1050.84	43.785
0	50.04
0	50.04
98.8694	49.4347
195.317	48.8294
2019.76	28.8537
1313.15	41.0358
648.502	46.3216
1786.51	40.6025
3193.68	26.614
100.08	50.04
393.056	49.132
1527.43	22.4622
1401.93	11.3059
1674.73	13.5059
1421.3	11.4621
1396.28	11.2603
1607.74	12.9656
1626.3	13.1153
294.187	49.0311
1497.16	19.1944
815.975	45.3319
391.845	48.9807
1977.39	15.9467
2278.03	24.2344
1333.32	39.2154
1865.2	16.9564
1638.41	13.213
100.08	50.04
474.976	47.4976
0	50.04
198.949	49.7373
1246.96	41.5655
