567.389	4.80838
1013.31	42.2213
1711.05	13.7988
1626.3	13.1153
1626.3	13.1153
0	0
806.29	44.7939
1255.44	41.848
292.976	48.8294
594.023	6.06146
1309.51	40.9223
1648.09	13.2911
1678.36	13.5351
1249.79	10.0789
808.307	6.51861
1542.36	15.1212
2031.87	20.7333
1685.62	13.5937
774.006	6.24198
1575.05	12.702
1370.05	11.0488
1674.73	13.5059
1594.42	12.8582
853.505	8.53505
558.107	46.509
1451.56	40.3212
740.108	46.2567
460.852	8.2295
1194.1	42.6464
1626.3	13.1153
1626.3	13.1153
1689.25	13.623
860.365	9.55961
1133.97	43.6143
100.08	50.04
556.897	46.4081
1294.18	43.1393
187.246	1.53481
384.582	48.0727
829.292	46.0718
2102.08	16.9523
0	50.04
565.371	47.1143
1079.9	44.9956
1029.05	42.877
0	50.04
389.424	48.678
1195.71	10.4887
1969.72	32.8287
262.306	2.11537
1638.41	13.213
1576.26	12.7118
1629.93	13.1446
1735.66	39.4469
1284.09	10.3556
1759.47	14.4219
1737.68	14.0135
1094.83	8.82925
1604.51	13.3709
1587.16	12.7996
1600.07	12.9038
390.231	3.19862
1540.75	12.4254
2425.33	22.8804
1647.28	13.2846
196.528	49.132
1528.24	34.7327
742.529	46.4081
1853.09	33.091
98.8694	49.4347
661.819	47.2728
387.003	48.3754
1593.61	39.8403
273.202	4.87861
792.973	44.054
286.923	47.8205
2235.66	18.0295
0	50.04
559.318	46.6098
559.318	46.6098
296.608	49.4347
880.946	44.0473
1166.25	41.652
879.735	39.988
1014.52	42.2717
1590.38	36.1451
1761.49	15.1852
0	50.04
736.476	46.0297
1036.31	43.1797
2109.75	34.0282
196.528	49.132
567.793	47.316
2081.5	30.6103
2019.36	17.7137
1249.79	13.2956
1876.5	34.75
1590.38	36.1451
1627.91	13.1283
1017.75	28.2708
1641.63	13.456
2295.38	22.5038
2379.32	26.4369
711.052	39.5029
2527.02	28.7161
1748.58	14.5715
1827.27	14.736
1384.17	38.4492
2144.46	32.4918
1439.46	39.9849
1594.42	12.8582
0	50.04
1941.87	33.4806
382.16	47.77
2177.55	29.4263
98.8694	49.4347
649.713	46.4081
746.161	46.6351
1847.04	41.9782
1086.76	38.8127
1776.82	35.5365
907.58	45.379
1644.46	13.2618
0	50.04
1101.28	39.3316
558.107	46.509
98.8694	49.4347
795.394	39.7697
1181.99	42.214
1782.07	42.4302
1343.82	44.7939
1470.13	43.239
2337.35	18.8496
198.949	49.7373
1438.65	42.3132
393.056	49.132
1513.71	37.8427
97.6587	48.8294
476.187	47.6187
1734.85	34.6971
2133.16	23.7017
1962.05	33.8285
1769.16	34.0222
1742.93	34.8585
1605.32	13.1583
483.451	48.3451
1822.42	15.1869
2970.52	34.5409
2209.83	17.8212
285.712	47.6187
1517.34	37.9335
1835.74	17.6514
1761.49	15.4517
1938.65	35.9009
2159.79	32.7241
2073.84	34.5639
1629.53	13.1414
292.976	48.8294
1804.67	34.7052
661.819	47.2728
2245.34	30.3425
196.528	49.132
556.897	46.4081
1498.38	39.4309
1677.95	34.9574
1496.36	41.5655
1205	43.0356
1184.41	42.3005
1681.99	13.5644
97.6587	48.8294
880.946	44.0473
1296.2	40.5062
98.8694	49.4347
1465.69	36.6422
1800.23	37.5048
1531.47	33.2927
1524.2	36.2905
1957.21	34.9502
1673.52	13.4961
197.739	49.4347
1185.63	39.5208
817.185	45.3992
1939.05	31.275
0	50.04
754.635	47.1647
1866.81	33.336
2106.52	27.0067
1916.05	30.904
1612.58	38.3947
2151.72	28.3121
1625.9	13.327
195.317	48.8294
1774	15.2931
1522.18	38.0546
1884.17	15.1949
393.056	49.132
808.711	40.4355
2197.32	23.3758
2709.42	24.6311
1513.31	29.102
1912.42	34.1503
1678.36	36.486
1704.18	13.7434
289.344	48.224
2119.03	32.1066
556.897	46.4081
1957.61	36.2521
97.6587	48.8294
484.662	48.4662
1790.95	35.819
2225.97	30.0807
1310.73	38.5507
879.735	43.9868
1372.06	40.3548
1712.26	13.8085
0	50.04
1261.49	39.4216
1949.95	38.9989
100.08	50.04
1559.71	38.9929
1573.44	41.4062
1834.93	35.2872
1989.09	36.835
1669.48	39.7495
1655.36	13.3496
0	50.04
1792.97	37.3534
477.398	47.7398
1763.51	35.2701
196.528	49.132
931.793	46.5897
1897.08	33.8764
1826.06	17.2269
1720.33	34.4065
2060.11	36.7878
1803.46	36.0692
1530.26	12.5431
0	50.04
1993.53	34.3712
786.919	35.7691
2261.08	28.2635
478.608	47.8608
728.001	45.5001
1929.77	15.5626
1784.89	14.3943
1526.62	34.696
2095.22	26.8618
1908.78	38.1757
1605.32	12.9461
0	50.04
1675.53	32.2218
571.425	47.6187
1745.35	34.9069
0	50.04
196.528	49.132
1653.34	35.9421
2089.98	23.7497
2372.86	32.0657
1839.78	36.7955
2336.14	34.355
1656.57	13.3594
98.8694	49.4347
1675.94	36.4334
1158.99	41.3925
0	50.04
1416.45	35.4114
1415.24	39.3123
1659.79	31.9191
1831.71	33.9205
1791.75	37.3282
1589.58	12.8192
100.08	50.04
1589.17	33.1078
671.505	47.9646
1981.42	35.3825
100.08	50.04
380.95	47.6187
1480.22	37.0054
2114.59	31.097
1506.45	35.8678
1918.47	38.3694
1691.67	36.7755
1643.65	13.2553
0	50.04
1883.76	34.8845
478.608	47.8608
1996.76	31.1993
285.712	47.6187
382.16	47.77
1562.54	32.5529
1884.57	33.6531
1642.44	32.8488
1381.75	40.6397
1926.94	34.4097
1630.34	13.1479
195.317	48.8294
1722.34	34.4469
572.635	47.7196
2047.2	34.12
196.528	49.132
196.528	49.132
2255.03	30.4734
2080.7	26.0087
1791.35	34.4491
1525.01	40.1318
1441.47	37.9335
1662.62	13.4082
100.08	50.04
1897.89	30.6111
1866.41	37.3282
0	50.04
1223.96	38.2488
1628.32	38.7695
1230.02	41.0005
1104.92	42.4967
951.971	43.2714
1749.79	14.1112
100.08	50.04
1844.22	32.9324
195.317	48.8294
2020.57	33.6761
289.344	48.224
654.555	46.754
1366.01	37.9448
2090.38	33.7158
1535.1	42.6416
1556.08	38.9021
1505.64	39.6221
1669.08	13.4603
296.608	49.4347
1268.35	39.636
670.294	47.8781
2201.76	29.7535
97.6587	48.8294
292.976	48.8294
1776.02	37.0003
2019.76	28.8537
1042.37	43.4319
1923.31	38.4662
1446.72	40.1867
1593.61	12.8517
198.949	49.7373
1180.78	42.1708
920.897	46.0449
2180.37	33.0359
380.95	47.6187
556.897	46.4081
1648.09	13.2911
1649.3	13.9771
1160.2	36.2563
1664.23	37.8235
1522.59	40.0681
1656.97	13.5817
100.08	50.04
1012.1	38.9269
1858.34	38.7154
0	50.04
879.735	43.9868
1950.75	37.5145
1470.13	43.239
1265.12	42.1708
959.235	43.6016
1656.97	13.5817
393.056	49.132
2143.25	33.4882
285.712	47.6187
1647.28	37.4383
484.662	48.4662
556.897	46.4081
1709.03	37.1528
2052.85	22.3136
760.285	31.6785
1228.8	40.9602
729.212	45.5757
1650.51	13.3106
196.528	49.132
1487.48	37.187
667.873	47.7052
1762.3	40.0522
97.6587	48.8294
97.6587	48.8294
1715.08	32.9823
2064.96	25.812
652.134	46.581
902.738	45.1369
1012.1	42.1708
1678.36	13.5351
192.896	48.224
1226.79	43.8138
466.502	46.6502
1962.86	30.6697
195.317	48.8294
573.846	47.8205
2004.83	26.3793
2017.34	16.5356
1005.24	45.6927
764.321	47.77
924.529	46.2265
1968.91	15.8783
98.8694	49.4347
967.709	40.3212
1508.06	39.6858
198.949	49.7373
1335.75	39.2866
0	50.04
0	50.04
0	50.04
379.739	47.4674
2269.96	27.0233
1049.23	32.7883
1467.3	40.7584
1812.74	14.6189
1717.1	13.8476
0	50.04
978.605	44.482
675.136	48.224
195.317	48.8294
1341.8	39.4647
1211.05	43.2517
389.424	48.678
723.159	45.1974
2623.47	33.6342
198.949	49.7373
0	50.04
474.976	47.4976
664.241	47.4458
2131.95	35.5324
1859.95	15.4996
382.16	47.77
195.317	48.8294
2221.94	17.9189
0	50.04
0	50.04
0	50.04
0	50.04
1296.6	43.22
