120	4.74169
38	41.5973
124	13.5156
124	13.1153
124	13.1153
20	22.7198
18	45.2647
20	45.9843
8	47.4674
104	7.95456
32	40.9602
124	13.5254
124	13.5742
124	10.6843
120	6.34916
110	17.0994
92	21.4539
124	13.5254
124	6.58695
124	13.5547
124	9.94226
124	13.3008
124	13.5059
98	10.1875
12	47.1143
30	42.8165
14	45.1974
52	2.63859
26	43.9868
124	13.1153
124	13.1153
124	13.3692
94	10.1316
12	46.0045
2	48.8294
16	46.7864
20	43.9868
112	1.72949
12	46.4081
22	43.9868
118	15.7315
6	49.4347
10	48.224
22	43.7116
20	43.6236
2	50.04
8	47.6187
118	13.8403
68	30.2068
124	2.32691
124	13.2032
124	12.5198
124	12.6922
38	38.4433
124	10.5118
124	13.4863
124	13.3008
122	7.78981
122	13.3733
124	13.226
124	13.3204
124	2.77928
124	13.623
124	17.3233
124	13.5156
0	50.04
54	32.3885
8	47.6187
56	37.1985
4	49.7373
18	44.2558
8	47.6187
32	41.906
58	6.99252
32	43.1545
18	45.87
122	15.4738
2	50.04
6	48.0223
18	45.7355
0	50.04
28	42.214
24	43.4823
24	46.1558
36	42.339
32	41.9438
124	14.57
6	49.0311
28	33.5666
16	45.2731
44	37.8235
12	47.8205
8	47.6187
72	27.7327
108	18.7426
116	12.8301
82	28.4994
70	31.6209
124	12.7704
6	31.9476
116	17.9057
92	20.8661
84	25.0776
2	48.8294
86	24.9684
124	13.789
122	13.7603
36	40.1867
74	31.4059
58	36.0758
124	12.6662
2	50.04
54	32.5604
12	48.3249
72	29.1396
2	50.04
18	45.2647
26	39.346
42	36.867
32	44.0246
26	41.7517
22	44.8122
124	14.0461
0	50.04
14	47.3593
20	45.5001
2	48.8294
32	40.8971
26	42.3571
28	36.1464
16	46.0297
14	45.2839
124	15.9174
4	48.8294
34	41.067
14	45.4568
46	38.881
2	49.4347
6	47.6187
48	34.5454
90	24.7779
54	35.0415
76	33.6644
54	34.6379
124	13.2911
6	47.8205
114	20.0429
42	37.3282
122	14.885
12	48.0223
34	42.4913
120	17.6048
110	23.6589
50	32.6713
54	34.5258
44	36.1176
124	13.4082
2	49.4347
54	35.3628
12	46.4081
76	28.7422
2	49.4347
6	48.8294
44	38.5205
56	35.5771
42	36.5884
28	40.9602
42	40.1531
124	13.4212
4	49.7373
18	45.87
20	43.9868
6	49.0311
52	36.3814
22	43.3815
52	33.2695
56	35.2745
50	35.4638
124	13.1283
2	49.4347
30	41.7673
18	46.6771
62	31.3531
2	50.04
8	47.9214
48	34.6127
94	24.0884
48	34.4277
50	38.5873
74	27.474
124	12.9461
6	48.224
118	14.2268
30	38.4716
124	14.2772
8	48.8294
14	38.8271
120	17.5644
124	16.3274
50	33.8254
76	29.5121
54	35.5795
124	13.3529
2	50.04
70	29.9836
4	49.7373
56	33.6963
2	50.04
16	46.1811
34	32.272
42	37.8759
40	36.0369
54	37.6197
48	38.8668
124	13.5644
0	50.04
38	39.6858
32	40.3548
4	49.4347
48	38.2362
50	36.8924
42	39.1154
48	37.6309
40	38.5389
124	13.5644
0	50.04
60	30.3872
8	48.678
60	32.869
4	49.132
14	47.5322
64	30.2661
48	35.7393
44	35.2463
46	37.3019
40	40.8694
124	13.5059
0	50.04
50	34.5518
20	45.0764
70	29.4071
10	48.224
36	40.7248
122	15.8145
124	13.3692
36	37.3058
58	32.1934
58	34.1138
124	12.9917
4	49.7373
38	38.2946
12	46.4081
62	34.2235
4	49.4347
4	47.9214
60	33.777
88	26.1573
42	34.2055
62	33.6377
28	41.0034
124	12.7248
2	50.04
54	33.8383
60	36.9045
4	49.132
42	36.3578
42	38.9712
46	35.6
30	40.9602
34	40.1768
124	12.9135
4	49.4347
58	35.3314
6	49.0311
66	32.8158
6	49.4347
14	46.4081
64	31.7984
76	27.2767
36	36.9695
52	37.2817
50	38.0546
124	13.3887
2	48.8294
56	29.6752
12	46.8116
60	33.6156
2	50.04
8	48.678
46	34.2577
50	36.9166
54	34.1297
38	39.2079
36	39.2115
124	13.4766
0	50.04
54	34.4585
10	47.7398
50	35.4154
2	50.04
6	47.8205
72	28.3269
80	26.8259
44	38.2362
48	37.984
56	34.7988
122	13.0988
2	49.4347
50	35.2056
36	39.2451
0	50.04
38	40.2911
24	42.1708
34	37.2333
32	41.7546
40	40.5667
124	12.9786
2	50.04
46	34.2665
2	49.4347
60	32.6067
0	50.04
14	46.6675
42	38.6638
64	31.2372
30	35.5392
34	39.1442
32	41.679
124	13.2195
4	49.7373
42	39.2595
10	47.4976
60	31.7593
4	49.7373
4	48.8294
52	31.3448
70	30.1335
40	38.7306
30	41.9287
22	45.0323
124	13.3138
2	50.04
28	41.479
6	47.6187
70	30.1335
4	49.132
8	48.224
122	13.3204
98	28.1249
40	36.9751
36	39.2115
22	44.9773
122	13.3932
0	50.04
42	35.3009
32	40.3548
0	50.04
42	38.2314
38	39.0805
24	45.4496
26	42.2639
14	46.1486
124	13.4961
6	49.2329
48	33.1078
2	50.04
50	34.8585
2	50.04
16	46.6351
54	33.1209
98	23.2576
20	45.0764
26	43.754
22	43.9317
124	13.6132
2	49.4347
30	39.3191
8	48.3754
48	37.0256
6	49.4347
8	48.8294
54	34.0625
56	33.6963
20	43.9868
24	44.5921
26	42.8227
124	13.6816
4	49.7373
36	36.5435
8	47.6187
72	29.6608
4	48.8294
8	47.4674
108	23.5291
116	15.8045
20	43.9868
10	47.3766
24	43.3815
124	14.7458
2	50.04
36	39.7271
30	40.7987
6	48.224
34	40.1056
0	50.04
0	50.04
0	50.04
14	48.224
120	20.7827
50	41.8076
14	45.1974
48	35.4618
94	22.6975
2	49.4347
44	42.1433
6	48.8294
0	50.04
40	37.7822
28	42.6032
2	50.04
14	46.3216
86	27.9528
4	49.7373
4	48.8294
12	46.4081
8	48.3754
44	37.3007
72	29.9242
26	42.8693
48	37.0508
122	14.9908
0	50.04
2	50.04
0	50.04
0	50.04
32	41.0737
