124	1255.04
0	0
124	1231.23
124	1388.61
124	1173.52
124	183.615
124	851.487
124	1271.18
124	498.382
124	1173.12
124	847.855
124	1252.61
124	1043.58
124	816.782
124	740.511
124	720.334
124	577.074
124	819.203
124	629.535
124	1020.98
124	1084.33
124	1493.53
124	760.689
124	550.844
124	1069.81
124	1125.9
124	1014.92
124	604.515
124	1154.15
124	1127.11
124	1626.3
124	1259.07
102	858.751
20	902.738
0	0
76	1063.75
20	919.687
124	104.923
124	1628.72
124	1271.18
124	1474.97
124	420.901
124	1288.93
124	1102.9
124	1644.46
124	419.69
124	1243.74
124	1332.11
124	1261.49
124	236.076
124	1290.14
124	1131.95
124	1101.69
124	157.384
124	1069.81
124	1156.57
124	1052.86
124	663.03
124	1101.69
124	891.842
124	1105.32
124	52.4613
124	1002.82
124	760.689
124	1075.46
124	209.845
124	821.625
124	1165.04
124	1576.26
124	611.779
124	1223.56
124	1232.03
124	1342.61
124	157.384
124	1163.83
124	1640.83
124	1416.45
4	197.739
98	1186.03
34	1372.06
2	98.8694
52	1350.68
22	953.181
124	1038.73
124	1688.04
124	1646.88
124	1498.78
110	665.048
122	1659.79
124	1458.02
40	1357.13
124	1025.82
124	1656.57
124	1081.51
124	1581.1
124	552.054
124	1320.01
124	1077.88
124	1521.38
124	663.03
124	1251
124	1311.53
124	1416.45
124	605.726
124	1296.2
124	1263.51
124	1338.97
124	419.69
124	1215.08
124	1576.26
124	1607.33
122	646.485
124	1296.2
124	1404.75
124	1626.3
124	900.316
124	1564.56
124	1222.35
124	1547.61
124	579.495
124	1329.69
124	1626.3
124	1603.7
4	197.739
120	1137.2
60	2007.25
2	100.08
88	1444.3
52	1835.74
124	1454.79
124	1626.3
124	1609.75
124	1626.3
10	482.24
124	2108.14
62	2370.44
124	2002.81
22	520.577
48	1782.07
124	1632.76
124	1683.2
122	911.616
122	2113.38
124	1115.81
124	1634.77
124	1188.05
124	1600.47
124	1206.61
124	1416.45
124	811.132
124	1352.29
124	1626.3
124	1365.2
108	1222.75
124	1481.02
74	2418.47
124	1659.79
16	544.79
114	1726.78
104	2177.14
124	1866.01
122	999.186
124	1681.59
124	1637.6
124	1648.09
90	1475.78
106	2148.49
38	1464.48
124	1621.05
2	98.8694
46	1668.27
48	1761.49
4	198.949
72	1995.95
48	1732.43
112	1524.2
102	2437.03
72	2019.76
124	1581.1
8	389.424
76	2253.41
16	742.529
122	1916.05
2	97.6587
12	575.056
76	2038.32
82	2237.68
58	1560.93
84	2187.64
122	1411.61
124	1631.14
124	1358.75
124	1589.58
124	1446.32
124	1315.16
124	1169.08
124	1416.45
124	1626.3
124	1442.69
34	1271.18
118	1377.71
64	2035.5
124	1632.76
6	296.608
122	1741.71
52	1785.3
102	2260.27
2	100.08
48	1699.75
124	2183.6
124	1808.3
56	1979
114	1954.79
72	2033.88
124	1619.44
4	198.949
78	2096.84
60	1926.14
0	0
64	1978.19
50	1804.67
46	1621.86
62	2096.43
74	2236.87
124	1642.04
0	0
78	2150.11
6	295.397
114	1949.14
8	387.003
14	659.398
122	1919.68
114	1874.08
36	1335.75
60	1894.66
124	1437.84
124	1644.86
124	1390.63
124	1578.68
124	1242.53
124	1338.97
124	1369.24
124	1324.85
124	1573.84
124	1525.01
36	1157.78
118	1520.17
58	1754.22
124	1605.32
14	648.502
124	1791.35
124	2004.02
124	1694.1
14	670.294
74	2127.51
120	1731.63
124	1729.2
44	1444.7
58	1875.69
40	1542.77
124	1655.36
2	100.08
56	2072.22
52	1834.53
2	98.8694
36	1392.24
44	1660.6
48	1704.59
46	1827.27
38	1589.17
122	1614.6
12	577.478
56	1989.9
8	380.95
66	2062.94
0	0
20	920.897
78	2297
80	2161.81
50	1705.8
82	2134.77
124	1685.62
124	1615.81
120	1385.38
124	1648.09
124	1498.78
124	1390.22
124	1525.01
124	1493.13
124	1604.91
124	1416.45
50	1720.33
120	1577.47
54	1929.77
124	1608.54
2	98.8694
90	2349.86
40	1517.34
120	1762.7
12	556.897
64	2235.25
116	2068.59
108	1846.23
66	2074.24
74	2382.15
62	2171.49
124	1580.3
2	98.8694
36	1410.4
50	1831.3
0	0
46	1661.81
50	1745.35
28	1148.1
30	1228.8
44	1717.5
124	1678.36
2	100.08
64	2141.63
8	393.056
62	2081.91
4	196.528
8	380.95
44	1641.23
80	2382.15
34	1372.06
46	1790.95
112	1554.87
122	1563.35
124	1432.19
124	1629.93
124	1346.24
124	1365.2
124	1550.03
124	1337.76
124	1601.28
124	1552.45
38	1511.69
116	1692.48
30	1211.86
124	1644.46
0	0
60	1822.42
10	473.766
70	2456.8
2	100.08
14	664.241
70	2118.23
84	2320.81
32	1308.3
50	1825.25
38	1511.69
124	1610.97
4	198.949
42	1522.18
48	1733.64
0	0
28	1124.29
48	1774.81
24	960.445
10	476.187
22	979.815
124	1686.83
2	100.08
32	1285.71
8	384.582
50	1803.46
0	0
8	377.318
72	1968.51
58	1953.17
14	547.212
34	1449.55
90	1677.55
124	1666.25
124	1504.43
124	1612.18
124	1285.3
124	1418.88
124	1370.45
124	1420.49
124	1629.93
124	1391.43
10	371.265
110	1323.24
30	1215.49
120	1939.45
6	291.765
48	1774.81
16	751.004
62	1993.53
10	474.976
6	286.923
66	2128.72
118	2071.82
36	1157.78
30	1268.76
26	1131.55
124	1626.3
0	0
46	1742.93
36	1410.4
4	197.739
28	1181.99
0	0
0	0
0	0
4	197.739
94	2114.19
18	829.292
4	196.528
26	1142.45
100	2037.92
2	98.8694
18	832.924
34	704.595
124	1362.38
124	1660.2
124	1445.11
122	1441.07
124	1448.74
124	1626.3
2	100.08
88	2055.27
20	924.529
4	195.317
82	2088.77
120	1950.35
10	464.081
82	2117.82
74	2417.25
0	0
2	97.6587
2	100.08
0	0
34	1387.8
