1216.7	9.81208
98.8694	49.4347
1210.65	9.76327
1449.55	11.6899
1235.26	9.96179
236.076	1.90384
1029.45	8.30203
1252.21	10.0985
622.675	5.02157
1232.03	9.93575
1035.51	8.35085
1542.77	12.4417
1569.4	12.6564
721.545	5.81891
689.261	5.55855
1266.74	10.2156
788.13	6.35589
947.935	7.64464
714.281	5.76033
1153.34	9.30114
945.917	7.62837
1581.1	12.7508
897.895	7.24109
629.535	5.0769
1064.16	8.58191
865.611	6.98074
708.227	5.71151
681.997	5.49997
1204.59	9.71445
796.605	6.42423
1626.3	13.1153
1155.36	9.31741
922.108	8.69913
926.951	46.3475
100.08	50.04
849.873	11.4848
558.107	46.509
78.6919	0.634612
1626.3	13.1153
1210.24	9.76001
1496.36	12.0674
472.152	3.80767
1205.8	9.72421
1075.46	8.67304
1631.14	13.1544
397.092	3.20235
1130.34	9.11564
1180.38	9.51919
1468.92	11.8461
183.615	1.48076
1187.64	9.57777
1113.79	8.98221
1180.38	9.51919
183.615	1.48076
1153.34	9.30114
1254.63	10.118
1054.47	8.50381
555.686	4.48134
1180.38	9.51919
1049.23	8.4615
1127.92	9.09611
52.4613	0.423075
825.256	6.65529
945.514	7.62511
1075.46	8.67304
314.768	2.53845
734.458	5.92305
865.611	6.98074
1472.55	11.8754
681.997	5.49997
813.15	6.55766
1260.28	10.1636
1206.61	9.73072
157.384	1.26922
1136.39	9.16445
1638.41	13.213
1363.99	10.9999
0	50.04
1221.14	11.3068
1260.28	42.0094
0	50.04
1119.85	26.663
2019.76	38.8415
1024.21	8.25972
1643.25	13.252
1638.41	13.213
1416.45	11.423
0	0
1504.83	15.6753
1619.04	15.5677
2373.27	25.2475
956.813	7.71624
1706.2	13.7597
1129.13	9.10587
1635.99	13.1934
603.305	4.86536
1380.94	11.1366
1127.92	9.09611
1495.15	12.0576
554.475	4.47158
1154.15	9.30765
1273.6	10.271
1206.61	9.73072
667.873	5.38607
1102.9	8.89434
1279.65	10.3198
1232.84	9.94226
288.537	2.32691
1130.34	9.11564
1468.92	11.8461
1600.07	12.9038
713.07	5.75056
1127.92	9.09611
1447.53	11.6736
1573.84	12.6922
763.11	6.15411
1573.84	12.6922
1217.51	9.81859
1575.05	12.702
708.227	5.71151
1317.59	10.6257
1638.41	13.213
1628.72	13.1348
196.528	49.132
1173.92	11.7392
1922.91	33.1536
0	50.04
1399.91	21.8736
1604.51	40.1127
1410	11.371
1627.51	13.1251
1634.77	13.1837
1626.3	13.1153
289.344	48.224
1500.8	12.1032
2305.07	29.5522
1868.43	15.8341
438.657	21.9329
1162.62	41.5222
1393.45	11.2375
1678.36	13.5351
1150.11	9.2751
1631.55	13.1576
1172.31	9.4541
1602.49	12.9233
974.973	7.86268
1234.05	9.95202
1305.88	10.5313
1259.07	10.1538
760.689	6.13459
1248.58	10.0692
1601.28	12.9135
1521.38	12.2692
791.762	7.91762
1282.88	10.6907
2130.33	21.7381
1686.83	13.6035
196.528	32.7547
1854.3	15.1992
3067.77	24.7401
1844.22	14.8727
1163.43	9.3825
1878.11	26.8302
1649.71	13.5222
1642.04	13.2422
1230.02	12.3002
2301.84	20.9258
1098.86	42.2639
1689.66	13.6263
388.214	48.5267
1596.44	36.2827
1732.84	37.6704
195.317	48.8294
1828.48	33.8607
1590.79	37.8759
1928.15	18.9035
1939.05	17.6277
2112.58	32.0087
1632.35	13.1641
0	50.04
1848.66	31.8734
571.425	47.6187
1912.42	15.6755
0	0
97.6587	48.8294
1926.54	32.109
2124.68	22.1321
1729.2	23.3676
2270.77	30.686
1389.82	11.9812
1621.86	13.0795
1099.67	8.8683
1610.97	12.9917
1522.59	12.2789
1417.67	11.4328
1337.76	10.7884
1508.46	12.165
1632.35	13.1641
1442.69	11.6346
1021.78	34.0595
1373.68	13.2084
2062.13	29.459
1629.12	13.1381
560.529	46.7107
1719.12	14.0911
2218.71	32.6281
1811.93	14.8519
383.371	38.3371
2296.59	31.8971
1735.66	13.9973
1701.36	13.7206
954.392	43.3815
1888.2	17.8132
2246.15	23.8952
1656.57	13.3594
98.8694	49.4347
1939.05	34.6259
2150.11	27.5655
100.08	50.04
1845.02	34.1671
2016.53	32.5247
1955.19	36.2073
1801.44	37.53
1969.32	31.7632
1650.51	13.3106
100.08	50.04
2102.08	23.3565
725.58	45.3488
2087.96	17.1144
196.528	49.132
755.846	47.2404
1789.33	14.4301
1744.94	14.0721
1985.86	33.0977
2027.02	34.9487
1466.49	12.0204
1643.25	13.252
1459.23	11.9609
1610.97	12.9917
1443.9	11.6443
1312.74	10.5866
1349.87	10.886
1496.36	12.0674
1626.3	13.1153
1395.07	11.2505
1066.17	35.5392
1464.88	12.0072
2080.7	27.3776
1644.46	13.2618
1673.11	39.836
1680.78	13.5547
1624.69	13.539
1620.65	13.284
195.317	48.8294
1450.76	30.2241
2030.66	26.7192
2008.46	16.7372
1777.63	37.034
2400.71	26.6745
1820	35.0001
1667.46	13.4473
100.08	50.04
1686.43	33.7286
2211.04	34.5475
197.739	49.4347
1695.71	38.5389
2063.75	33.2862
1150.52	38.3505
1661.41	36.1176
1265.12	42.1708
1606.12	13.3844
194.107	48.5267
1864.8	35.8615
292.976	48.8294
1962.86	30.6697
196.528	49.132
670.294	47.8781
2047.2	28.4333
2099.26	29.1564
1276.83	35.4674
1745.35	34.9069
1605.72	14.0853
1794.58	14.4724
1252.21	10.264
1552.45	12.725
1342.61	10.8275
1390.22	11.2115
1376.1	11.0976
1443.9	11.6443
1638.41	13.213
1417.67	11.4328
974.973	44.317
1353.5	12.5324
1547.2	36.8382
2421.69	22.4231
195.317	48.8294
2127.91	19.3446
1405.16	43.9111
2300.23	22.5512
478.608	47.8608
813.554	45.1974
1832.51	16.6592
2004.42	20.4533
2048.41	32.0064
1954.38	37.5843
1758.26	38.2231
1618.23	13.0502
100.08	50.04
1759.47	36.6556
1733.64	36.1176
197.739	49.4347
1761.89	36.7061
1330.9	39.1442
1494.74	39.3353
1421.7	41.8147
1738.89	37.802
1644.46	13.2618
196.528	49.132
1874.48	36.0477
191.685	47.9214
2003.62	33.3936
195.317	48.8294
559.318	46.6098
1489.9	39.2079
2158.58	29.9803
1230.02	38.438
1642.44	37.3282
1677.55	15.8259
1631.95	13.1609
1336.55	10.9553
1582.31	12.7606
1451.16	11.7029
1473.76	11.8852
1635.18	13.1869
1421.3	11.4621
1602.49	12.9233
1368.84	11.039
1195.31	42.6897
1633.56	13.3899
2540.74	34.3343
1606.93	12.9591
195.317	48.8294
1870.45	28.3401
1184.82	45.5699
1977.79	29.0852
98.8694	49.4347
558.107	46.509
1838.16	32.8243
2538.72	24.8894
1318.8	31.3999
2045.18	31.956
954.392	43.3815
1643.65	13.2553
0	50.04
1646.07	34.2932
1401.93	38.9424
98.8694	49.4347
1355.52	42.36
1207.42	43.122
780.866	35.4939
652.134	46.581
1048.42	43.6841
1650.51	13.3106
0	50.04
1291.35	37.981
196.528	49.132
1959.63	34.9934
100.08	50.04
840.188	46.6771
1461.25	40.5902
1984.25	30.0644
569.003	47.4169
1016.94	42.3726
1665.85	20.8231
1665.04	13.4277
1401.93	11.3059
1615.81	13.0307
1311.53	10.5769
1553.66	12.5295
1494.34	12.0511
1412.02	11.3872
1601.28	12.9135
1521.38	12.2692
633.975	39.6234
1807.09	18.4397
723.159	45.1974
1725.57	13.9159
97.6587	48.8294
1361.57	40.0462
477.398	47.7398
2020.97	34.8443
97.6587	48.8294
484.662	48.4662
2143.65	28.9682
1759.07	21.9883
1166.25	38.8752
971.341	44.1519
1123.08	43.1952
1654.14	13.3399
391.845	48.9807
1536.31	42.6752
1464.48	38.5389
0	50.04
1168.68	41.7384
0	50.04
0	50.04
98.8694	49.4347
388.214	48.5267
2126.7	21.701
650.924	46.4945
487.083	48.7083
1345.83	42.0573
2000.79	29.4234
0	50.04
474.976	47.4976
1204.59	35.4292
1441.88	11.6281
1662.62	13.4082
1468.92	11.8461
1547.2	13.1119
1592	12.8387
1626.3	13.1153
387.003	48.3754
1516.94	32.9769
477.398	47.7398
288.134	48.0223
2085.13	17.6706
1879.73	25.4017
295.397	49.2329
2025.41	37.5076
3160.19	25.4854
0	50.04
0	50.04
0	50.04
100.08	50.04
1434.61	39.8504
