120	651.731
16	726.791
124	1649.3
124	1626.3
124	1652.93
34	415.655
18	808.711
16	725.58
8	380.95
114	764.321
42	1647.69
124	1684.41
124	1533.48
124	1181.59
124	746.968
124	1621.46
124	1824.85
122	1610.16
124	733.651
124	1625.49
124	1750.59
124	1626.3
124	1443.09
102	805.079
4	195.317
36	1478.2
20	878.525
40	231.233
18	813.554
124	1626.3
124	1626.3
124	1610.16
92	592.813
24	1012.1
0	0
22	984.658
14	644.87
120	413.637
18	814.764
20	879.735
122	1782.88
6	295.397
10	465.291
20	911.212
28	1206.21
0	0
12	570.214
104	947.935
96	2300.23
124	236.076
124	1627.51
124	1643.25
124	1547.61
38	1156.17
124	1299.83
86	2203.37
78	2105.31
124	832.924
118	2465.28
124	1508.06
124	1685.62
124	268.36
124	1711.05
124	1695.31
124	1582.31
0	0
48	1184.82
16	738.897
62	2175.13
2	100.08
16	731.633
6	196.528
34	1341.8
62	384.985
34	1442.28
12	562.95
124	1796.19
0	0
18	814.764
20	920.897
0	0
28	1148.5
26	1096.44
26	1135.18
16	723.159
34	1415.65
124	1689.25
0	0
22	967.709
18	836.556
36	1421.3
0	0
8	380.95
66	1911.21
76	2225.57
116	1309.11
82	2399.9
66	2047.2
124	1625.09
6	296.608
124	2064.55
94	2909.58
120	1748.17
30	1284.49
52	1841.79
108	1850.27
120	1710.64
58	1771.17
64	1962.86
62	2092.8
124	1655.36
4	197.739
68	1969.72
12	577.478
62	1937.84
4	196.528
18	802.658
24	1083.53
34	1336.96
24	1065.37
26	1124.29
24	1073.84
124	1633.97
6	296.608
24	1046
10	466.502
0	0
32	1154.15
32	1311.94
30	1263.91
28	1249.79
30	1265.12
124	1715.48
2	98.8694
36	1299.83
6	292.976
48	1738.49
6	296.608
12	566.582
72	2004.83
118	2134.77
58	1944.7
46	1778.84
60	2007.25
124	1658.18
2	100.08
110	1788.12
16	724.369
86	2383.36
10	478.608
18	796.605
124	2240.9
124	1751
48	1620.65
66	1996.76
46	1707.41
124	1592
6	292.976
48	1704.59
4	195.317
84	2558.09
2	100.08
12	558.107
40	1634.77
48	1704.59
26	1014.52
42	1635.58
28	1200.15
124	1648.5
0	0
40	1482.64
14	659.398
2	98.8694
38	1252.61
38	1550.43
58	1974.56
46	1765.52
46	1690.46
124	1627.91
4	198.949
48	1772.38
10	484.662
48	1780.86
4	198.949
10	481.03
50	1731.22
96	2302.65
28	907.177
38	1447.53
100	2162.62
124	1732.43
4	198.949
84	2795.38
34	1390.22
122	1930.58
8	380.95
42	1638
106	1919.68
124	1696.52
70	2201.36
58	1925.33
70	2243.73
124	1686.83
6	292.976
50	1658.58
10	470.134
70	2117.82
4	196.528
6	285.712
46	1677.55
46	1678.36
42	1497.16
42	1703.38
42	1644.06
124	1627.91
2	98.8694
26	1071.02
32	1338.57
2	98.8694
38	1322.43
44	1724.77
50	1710.64
44	1589.17
36	1414.03
124	1658.99
0	0
74	2194.9
6	294.187
38	1464.48
8	393.056
6	285.712
46	1661.41
68	2125.49
52	1841.79
42	1607.74
58	2018.55
124	1630.34
10	467.713
88	2157.37
20	931.793
72	2033.88
4	198.949
4	195.317
56	1917.26
68	2163.02
56	1688.45
48	1711.85
66	1968.51
124	1669.08
4	197.739
60	1971.74
10	483.451
64	1962.86
2	98.8694
6	292.976
48	1773.6
70	2048.82
54	1778.03
80	2347.04
34	1366.01
124	1579.08
0	0
50	1730.82
38	1578.28
8	393.056
36	1407.98
44	1642.44
52	1841.79
30	1230.02
30	1233.65
124	1663.83
2	100.08
66	1997.16
4	198.949
52	1781.26
4	198.949
2	97.6587
50	1879.73
58	1905.96
42	1576.66
44	1597.65
32	1291.35
124	1628.32
6	292.976
54	1758.66
12	571.425
70	2168.67
6	296.608
4	197.739
64	1707.82
60	1912.82
38	1341.8
64	2389.01
44	1661.81
124	1644.46
4	197.739
44	1576.26
12	567.793
70	2162.62
6	292.976
10	478.608
74	1944.7
62	1989.9
88	2399.1
40	1514.92
32	1367.63
124	1607.33
2	100.08
30	1213.07
40	1518.55
2	97.6587
38	1387.4
34	1412.02
42	1671.9
44	1736.87
42	1732.43
124	1632.35
4	196.528
48	1633.56
12	577.478
44	1630.34
4	198.949
8	389.424
40	1538.33
62	1987.48
34	1392.65
26	1095.23
20	872.472
124	1681.99
2	97.6587
50	1905.56
6	292.976
54	1852.29
4	196.528
2	100.08
62	1953.98
46	1744.94
34	1401.12
40	1565.77
32	1320.41
124	1701.36
4	195.317
40	1597.24
8	390.635
44	1638.81
2	100.08
12	565.371
44	1516.13
76	2230.41
62	1877.31
38	1528.64
28	1201.36
124	1641.63
4	198.949
32	1302.25
56	2016.53
2	100.08
28	1186.84
24	1036.31
20	888.21
34	1403.54
28	1205
124	1673.52
0	0
58	1834.93
6	286.923
40	1558.5
4	195.317
12	569.003
34	1386.59
52	1799.42
22	867.629
16	731.633
26	1096.44
124	1640.83
6	296.608
34	1288.93
6	294.187
64	2002.81
0	0
12	573.846
36	1409.19
44	1673.92
12	558.107
28	1168.68
18	811.132
122	1630.34
4	196.528
30	1326.87
16	728.001
54	1849.87
6	294.187
14	650.924
106	2145.26
124	1766.33
22	878.525
34	1291.35
26	1179.98
124	1644.46
4	195.317
30	1096.44
14	635.185
0	0
24	1041.15
0	0
0	0
0	0
6	291.765
124	1876.9
44	1807.09
2	97.6587
86	2087.96
98	2055.27
0	0
10	477.398
4	195.317
10	476.187
38	1471.74
22	1002.82
6	292.976
8	383.371
68	2115.8
0	0
0	0
8	382.16
8	388.214
40	1576.66
98	2032.27
18	791.762
24	1041.15
124	1732.84
0	0
0	0
0	0
0	0
28	1180.78
