651.731	5.43109
726.791	45.4244
1649.3	13.3008
1626.3	13.1153
1652.93	13.3301
415.655	12.2251
808.711	44.9284
725.58	45.3487
380.95	47.6187
764.321	6.70457
1647.69	39.2307
1684.41	13.584
1533.48	12.3668
1181.59	9.52895
746.968	6.02394
1621.46	13.0763
1824.85	14.7165
1610.16	13.198
733.651	5.91654
1625.49	13.1088
1750.59	14.1177
1626.3	13.1153
1443.09	11.6378
805.079	7.89293
195.317	48.8294
1478.2	41.061
878.525	43.9262
231.233	5.78083
813.554	45.1974
1626.3	13.1153
1626.3	13.1153
1610.16	12.9851
592.813	6.44362
1012.1	42.1708
0	50.04
984.658	44.7572
644.87	46.0622
413.637	3.44698
814.764	45.2647
879.735	43.9868
1782.88	14.6137
295.397	49.2329
465.291	46.5291
911.212	45.5606
1206.21	43.0788
0	50.04
570.214	47.5178
947.935	9.11476
2300.23	23.9607
236.076	1.90384
1627.51	13.1251
1643.25	13.252
1547.61	12.4807
1156.17	30.4254
1299.83	10.4825
2203.37	25.6206
2105.31	26.9912
832.924	6.71713
2465.28	20.8922
1508.06	12.1618
1685.62	13.5937
268.36	2.16419
1711.05	13.7988
1695.31	13.6718
1582.31	12.7606
0	50.04
1184.82	24.6837
738.897	46.1811
2175.13	35.0827
100.08	50.04
731.633	45.7271
196.528	32.7547
1341.8	39.4647
384.985	6.20944
1442.28	42.4201
562.95	46.9125
1796.19	14.4854
0	50.04
814.764	45.2647
920.897	46.0449
0	50.04
1148.5	41.0178
1096.44	42.1708
1135.18	43.6608
723.159	45.1974
1415.65	41.6367
1689.25	13.623
0	50.04
967.709	43.9868
836.556	46.4753
1421.3	39.4805
0	50.04
380.95	47.6187
1911.21	28.9577
2225.57	29.2838
1309.11	11.2854
2399.9	29.2671
2047.2	31.0182
1625.09	13.1056
296.608	49.4347
2064.55	16.6496
2909.58	30.953
1748.17	14.5681
1284.49	42.8165
1841.79	35.4191
1850.27	17.1321
1710.64	14.2553
1771.17	30.5375
1962.86	30.6697
2092.8	33.7549
1655.36	13.3496
197.739	49.4347
1969.72	28.9665
577.478	48.1231
1937.84	31.2555
196.528	49.132
802.658	44.5921
1083.53	45.147
1336.96	39.3222
1065.37	44.3903
1124.29	43.2418
1073.84	44.7434
1633.97	13.1772
296.608	49.4347
1046	43.5832
466.502	46.6502
0	50.04
1154.15	36.0671
1311.94	40.998
1263.91	42.1305
1249.79	44.6353
1265.12	42.1708
1715.48	13.8345
98.8694	49.4347
1299.83	36.1064
292.976	48.8294
1738.49	36.2185
296.608	49.4347
566.582	47.2152
2004.83	27.8448
2134.77	18.0913
1944.7	33.5293
1778.84	38.6705
2007.25	33.4542
1658.18	13.3724
100.08	50.04
1788.12	16.2557
724.369	45.2731
2383.36	27.7135
478.608	47.8608
796.605	44.2558
2240.9	18.0718
1751	14.1209
1620.65	33.7635
1996.76	30.2539
1707.41	37.1177
1592	12.8387
292.976	48.8294
1704.59	35.5123
195.317	48.8294
2558.09	30.4535
100.08	50.04
558.107	46.509
1634.77	40.8694
1704.59	35.5123
1014.52	39.02
1635.58	38.9424
1200.15	42.8626
1648.5	13.2943
0	50.04
1482.64	37.0659
659.398	47.0999
98.8694	49.4347
1252.61	32.9635
1550.43	40.8009
1974.56	34.0442
1765.52	38.381
1690.46	36.7492
1627.91	13.1283
198.949	49.7373
1772.38	36.9247
484.662	48.4662
1780.86	37.1012
198.949	49.7373
481.03	48.103
1731.22	34.6245
2302.65	23.9859
907.177	32.3992
1447.53	38.0928
2162.62	21.6262
1732.43	13.9712
198.949	49.7373
2795.38	33.2783
1390.22	40.8889
1930.58	15.8244
380.95	47.6187
1638	39.0001
1919.68	18.1102
1696.52	13.6816
2201.36	31.4479
1925.33	33.1953
2243.73	32.0533
1686.83	13.6035
292.976	48.8294
1658.58	33.1717
470.134	47.0134
2117.82	30.2546
196.528	49.132
285.712	47.6187
1677.55	36.4685
1678.36	36.486
1497.16	35.6468
1703.38	40.5566
1644.06	39.1442
1627.91	13.1283
98.8694	49.4347
1071.02	41.193
1338.57	41.8303
98.8694	49.4347
1322.43	34.8007
1724.77	39.1992
1710.64	34.2128
1589.17	36.1176
1414.03	39.2787
1658.99	13.3789
0	50.04
2194.9	29.6608
294.187	49.0311
1464.48	38.5389
393.056	49.132
285.712	47.6187
1661.41	36.1176
2125.49	31.2572
1841.79	35.4191
1607.74	38.2794
2018.55	34.8026
1630.34	13.1479
467.713	46.7713
2157.37	24.5156
931.793	46.5897
2033.88	28.2484
198.949	49.7373
195.317	48.8294
1917.26	34.2368
2163.02	31.8091
1688.45	30.1508
1711.85	35.6636
1968.51	29.8259
1669.08	13.4603
197.739	49.4347
1971.74	32.8623
483.451	48.3451
1962.86	30.6697
98.8694	49.4347
292.976	48.8294
1773.6	36.9499
2048.82	29.2688
1778.03	32.9266
2347.04	29.338
1366.01	40.1768
1579.08	12.7346
0	50.04
1730.82	34.6164
1578.28	41.5336
393.056	49.132
1407.98	39.1106
1642.44	37.3282
1841.79	35.4191
1230.02	41.0005
1233.65	41.1216
1663.83	13.418
100.08	50.04
1997.16	30.26
198.949	49.7373
1781.26	34.255
198.949	49.7373
97.6587	48.8294
1879.73	37.5946
1905.96	32.8614
1576.66	37.5396
1597.65	36.3102
1291.35	40.3548
1628.32	13.1316
292.976	48.8294
1758.66	32.5678
571.425	47.6187
2168.67	30.981
296.608	49.4347
197.739	49.4347
1707.82	26.6846
1912.82	31.8803
1341.8	35.3105
2389.01	37.3282
1661.81	37.7685
1644.46	13.2618
197.739	49.4347
1576.26	35.8241
567.793	47.316
2162.62	30.8945
292.976	48.8294
478.608	47.8608
1944.7	26.2797
1989.9	32.0951
2399.1	27.2624
1514.92	37.873
1367.63	42.7383
1607.33	12.9624
100.08	50.04
1213.07	40.4355
1518.55	37.9638
97.6587	48.8294
1387.4	36.5105
1412.02	41.5299
1671.9	39.8072
1736.87	39.4744
1732.43	41.2484
1632.35	13.1641
196.528	49.132
1633.56	34.0326
577.478	48.1231
1630.34	37.0531
198.949	49.7373
389.424	48.678
1538.33	38.4582
1987.48	32.0561
1392.65	40.9602
1095.23	42.1242
872.472	43.6236
1681.99	13.5644
97.6587	48.8294
1905.56	38.1111
292.976	48.8294
1852.29	34.3016
196.528	49.132
100.08	50.04
1953.98	31.5158
1744.94	37.9335
1401.12	41.2094
1565.77	39.1442
1320.41	41.2628
1701.36	13.7206
195.317	48.8294
1597.24	39.9311
390.635	48.8294
1638.81	37.2457
100.08	50.04
565.371	47.1143
1516.13	34.4575
2230.41	29.3475
1877.31	30.2791
1528.64	40.2274
1201.36	42.9058
1641.63	13.239
198.949	49.7373
1302.25	40.6953
2016.53	36.0095
100.08	50.04
1186.84	42.387
1036.31	43.1797
888.21	44.4105
1403.54	41.2806
1205	43.0356
1673.52	13.4961
0	50.04
1834.93	31.6368
286.923	47.8205
1558.5	38.9626
195.317	48.8294
569.003	47.4169
1386.59	40.7821
1799.42	34.6043
867.629	39.4377
731.633	45.7271
1096.44	42.1708
1640.83	13.2325
296.608	49.4347
1288.93	37.9098
294.187	49.0311
2002.81	31.2939
0	50.04
573.846	47.8205
1409.19	39.1442
1673.92	38.0436
558.107	46.509
1168.68	41.7384
811.132	45.0629
1630.34	13.3634
196.528	49.132
1326.87	44.2289
728.001	45.5001
1849.87	34.2568
294.187	49.0311
650.924	46.4945
2145.26	20.2383
1766.33	14.2446
878.525	39.9329
1291.35	37.981
1179.98	45.3837
1644.46	13.2618
195.317	48.8294
1096.44	36.548
635.185	45.3704
0	50.04
1041.15	43.3815
0	50.04
0	50.04
0	50.04
291.765	48.6276
1876.9	15.1363
1807.09	41.0702
97.6587	48.8294
2087.96	24.2786
2055.27	20.9722
0	50.04
477.398	47.7398
195.317	48.8294
476.187	47.6187
1471.74	38.73
1002.82	45.5826
292.976	48.8294
383.371	47.9214
2115.8	31.1148
0	50.04
0	50.04
382.16	47.77
388.214	48.5267
1576.66	39.4166
2032.27	20.7374
791.762	43.9868
1041.15	43.3815
1732.84	13.9745
0	50.04
0	50.04
0	50.04
0	50.04
1180.78	42.1708
