4	49.7373
0	50.04
0	50.04
2	50.04
4	48.8294
0	50.04
0	50.04
4	49.7373
0	50.04
10	48.224
8	49.132
2	49.4347
2	48.8294
122	16.4893
18	45.1302
6	49.0311
20	44.6526
6	48.8294
16	45.1974
24	43.3815
2	50.04
2	48.8294
44	37.8235
4	49.7373
0	50.04
4	49.7373
0	50.04
2	50.04
4	49.7373
2	50.04
0	50.04
14	46.8404
0	50.04
0	50.04
4	49.7373
10	48.4662
4	48.8294
18	46.2063
6	47.6187
34	40.2836
120	14.3092
0	50.04
14	47.4458
2	49.4347
18	45.8027
0	50.04
4	48.8294
16	45.1974
20	45.4395
68	36.1354
58	36.4933
68	31.6845
124	12.7964
40	38.6902
94	22.8649
124	14.4724
124	11.9958
40	39.3561
72	25.3563
120	13.7206
118	12.2193
28	43.9868
38	39.1761
38	38.1566
120	12.8463
2	50.04
26	43.8936
2	49.4347
20	44.1078
0	50.04
2	50.04
8	35.8654
8	47.6187
6	48.8294
10	47.6187
8	47.77
124	15.1754
0	50.04
2	50.04
8	49.132
2	49.4347
36	36.5772
20	44.1684
44	36.5578
56	35.188
24	43.785
124	13.828
0	50.04
32	35.3105
0	50.04
44	38.2362
2	50.04
12	48.0223
52	31.7406
80	23.9607
46	34.2139
54	35.0415
108	16.5492
124	13.2748
122	14.1275
124	13.0014
124	12.7118
124	12.5295
120	14.8001
124	12.6792
124	12.9917
124	11.8656
38	42.6168
72	23.5796
46	41.276
124	20.3011
0	50.04
34	37.0552
2	48.8294
28	41.7384
0	50.04
6	48.8294
24	40.2708
54	34.2045
50	33.7286
44	38.5664
26	42.1708
122	13.0591
2	50.04
22	35.3288
22	43.3815
0	50.04
52	35.7218
42	39.6342
52	31.9191
48	36.0924
54	34.5034
124	13.4277
6	48.224
114	16.503
66	28.976
118	14.3567
26	43.2418
124	14.0038
124	13.239
122	13.2046
38	35.0875
98	22.5658
114	12.4923
124	13.0209
124	12.7541
124	13.1837
124	11.7029
124	11.7517
124	12.9038
124	12.2431
124	13.1153
124	9.94226
32	38.4002
116	15.968
62	33.13
122	13.0492
10	48.224
116	16.4759
22	39.9329
98	23.4182
14	47.6187
30	40.9602
124	13.4115
124	13.1999
48	34.3521
70	31.5402
28	41.0034
124	13.1121
6	49.4347
36	39.2115
34	39.3934
0	50.04
60	31.8803
42	40.2107
62	35.4602
72	30.3502
80	30.7655
124	12.9363
4	49.4347
76	30.0484
38	38.5389
124	17.4795
12	30.9387
84	25.5485
64	29.2888
124	15.2828
60	31.5709
42	37.53
122	11.9609
124	12.2887
124	11.2408
124	12.5295
124	11.4328
124	11.2701
124	11.026
124	11.8852
124	13.1153
124	10.7884
42	34.8685
102	14.5515
36	41.3301
122	13.3667
2	49.4347
118	14.8595
76	26.7882
64	32.4667
26	40.7429
26	41.7052
124	13.8769
124	13.5156
26	38.9269
46	30.4942
38	38.061
124	15.8881
10	48.8294
56	34.9502
36	40.792
2	50.04
48	33.2591
50	35.5365
62	34.3797
56	34.1719
48	39.2703
124	12.868
2	49.4347
86	23.6545
10	46.5291
60	32.4856
2	50.04
24	44.1381
44	34.5584
76	27.7227
42	36.8766
52	34.9069
104	13.2783
124	13.4017
124	10.7461
124	13.1251
124	11.4718
124	11.1269
124	10.9902
124	10.694
124	13.2325
124	10.9999
42	36.8478
124	12.8647
84	25.9424
124	13.4603
12	48.0223
124	19.2857
44	42.1983
118	14.839
4	49.4347
8	47.77
98	23.167
94	22.1694
50	31.4687
50	34.9069
58	34.8652
124	13.7304
2	49.4347
44	37.3374
42	38.4236
0	50.04
56	34.071
56	34.107
70	30.393
32	40.544
38	39.5265
124	13.0014
2	50.04
66	32.0087
10	47.1345
80	27.3253
6	49.2329
10	46.5291
32	35.9158
118	19.4661
34	35.5004
44	37.0531
100	16.1137
124	12.7834
124	11.2017
124	12.9819
124	10.7982
124	12.2789
124	12.4547
124	11.4816
124	13.1153
124	10.5866
26	35.7761
100	16.146
38	38.9849
124	13.1316
8	47.77
120	14.6723
30	40.9602
114	21.6217
8	47.9214
34	39.251
124	16.2396
124	15.4683
58	33.912
34	39.2629
66	32.6507
122	13.3601
0	50.04
52	35.0699
68	32.2542
6	48.4258
24	42.3221
48	36.1428
24	35.2937
36	40.792
30	41.4041
124	12.8875
4	49.132
18	44.054
8	47.9214
66	31.8436
2	49.4347
10	48.224
32	38.4758
60	33.5752
16	45.2731
44	37.9886
50	30.3307
124	13.4668
124	12.3408
124	13.5351
124	11.742
124	12.318
124	12.5491
124	12.6076
124	12.9038
124	12.1455
18	46.8789
64	20.5242
42	41.7673
124	20.1156
4	48.8294
46	32.898
12	46.509
36	39.1442
2	48.8294
4	48.8294
56	32.9252
114	20.8677
42	35.5795
56	35.9446
34	41.4587
124	12.9656
2	50.04
52	36.1952
44	36.1451
6	49.2329
34	40.1768
32	41.6033
24	42.5239
20	44.2894
26	42.4967
122	13.2642
6	49.4347
40	37.5804
2	48.8294
36	39.1442
0	50.04
18	47.4169
38	35.2786
58	33.3206
24	45.2983
16	44.8948
40	30.2056
124	13.7304
124	13.1706
124	13.1153
124	12.702
124	13.1153
124	11.4849
124	12.6467
124	13.2032
124	13.1251
26	36.6608
72	21.5562
28	42.1708
122	13.3634
2	48.8294
68	32.3432
14	46.9269
68	33.5717
4	48.8294
6	48.8294
50	33.1555
88	25.3914
32	38.1353
30	41.6058
16	46.4837
124	13.2227
4	49.132
48	36.2773
28	42.1276
0	50.04
30	42.0901
0	50.04
0	50.04
0	50.04
8	48.678
122	17.2335
14	47.0999
2	50.04
36	39.0769
72	29.3918
0	50.04
16	47.2404
14	45.6298
46	21.9846
124	16.2981
108	23.5403
14	33.0621
64	30.6697
118	22.5132
4	49.132
28	43.8138
22	42.9412
38	37.6468
94	25.9173
80	24.6719
26	44.8715
90	30.71
124	13.4473
0	50.04
2	50.04
0	50.04
0	50.04
26	43.6143
