124	1244.54
0	0
124	1288.53
124	1278.84
124	1105.72
124	157.384
124	725.176
124	1257.05
122	569.003
124	1258.26
124	1179.98
124	1713.47
124	1438.65
124	786.919
124	719.123
124	912.423
124	864.804
124	910.002
124	603.305
124	943.496
124	974.569
124	1319.2
124	735.669
124	508.067
124	1127.11
124	970.534
124	1085.14
124	701.367
124	1125.9
124	1256.25
124	1626.3
124	1192.49
86	861.576
18	813.554
4	198.949
78	1166.25
12	558.107
124	78.6919
124	1643.25
124	1294.99
124	1482.23
124	288.537
122	1266.33
124	1115
124	1633.56
124	472.152
124	1189.26
124	1371.66
124	1629.93
124	131.153
124	1499.18
124	1050.44
124	1299.83
124	157.384
124	1160.61
124	1299.83
124	1094.83
124	524.613
124	1336.96
124	859.962
124	1135.18
124	26.2306
124	813.15
124	839.381
124	1127.92
124	209.845
124	850.276
124	1075.46
124	1468.92
124	524.613
124	1102.9
124	1293.78
124	1211.45
124	104.923
124	1122.27
124	1643.25
124	1495.15
0	0
116	1066.58
30	1222.75
6	292.976
44	1259.47
44	1724.77
124	1033.89
124	1702.57
124	1643.25
124	1470.13
48	216.705
42	1062.14
74	1492.73
122	2175.13
122	847.048
124	1843.01
124	1113.79
124	1627.51
124	685.629
124	1401.12
124	1165.04
124	1338.97
124	455.606
124	1137.6
124	1349.87
124	1217.51
122	790.551
124	1113.79
124	1113.79
124	1242.53
124	343.42
124	996.765
124	1286.51
124	1575.05
124	654.152
124	963.674
124	1010.08
124	1627.51
124	882.964
124	1286.51
124	1259.07
124	1626.3
124	813.15
124	1141.23
124	1626.3
124	1602.49
2	100.08
124	1499.99
52	1950.75
0	0
56	1145.67
56	2020.16
124	1524.61
124	1702.57
124	1648.09
124	1573.84
10	478.608
122	1692.08
60	2108.94
122	1768.35
6	296.608
10	476.187
118	1426.95
88	2579.08
124	970.937
124	1635.99
124	1224.77
124	1627.51
124	826.467
124	1261.49
124	1366.41
124	1373.68
124	769.163
124	1242.53
124	1627.51
124	1368.84
112	995.15
120	1274.81
104	2282.87
124	1604.1
26	886.999
124	1666.65
120	1786.91
124	1759.47
22	86.7629
52	1730.01
60	1657.78
122	2456.8
104	1384.57
122	2067.38
62	2177.55
124	1624.28
6	290.555
34	1370.85
58	1961.65
6	296.608
64	1870.85
42	1572.63
92	1790.54
40	1551.24
68	2123.07
124	1620.65
10	471.345
48	1678.36
12	556.897
88	2165.04
6	292.976
10	465.291
118	2374.48
116	1926.94
124	1683.2
68	2253.82
114	1354.31
124	1602.49
124	1115.41
124	1606.12
124	1312.74
124	1390.22
124	1100.88
124	1383.36
124	1626.3
124	1446.32
36	1541.15
124	1491.51
30	1265.12
122	1755.44
4	195.317
118	1636.79
82	1688.45
52	1755.84
14	665.451
124	1839.37
124	2488.68
124	1797
52	1575.86
120	1864.39
84	2177.95
124	1607.33
8	393.056
78	2113.38
64	2128.72
2	98.8694
72	1874.48
58	2046.39
66	2169.88
52	1809.11
48	1733.64
124	1619.44
10	483.451
98	2217.9
32	1400.31
114	1760.28
4	198.949
4	195.317
82	2153.74
60	2096.84
78	2330.09
60	1960.03
112	1608.95
124	1653.34
124	1257.86
124	1627.51
124	1502.41
124	1442.69
124	1366.82
124	1348.66
124	1627.51
124	1523.8
40	1351.08
122	1473.36
64	1939.05
124	1719.92
14	675.136
118	2486.26
40	1697.73
124	2649.3
2	97.6587
32	1291.35
124	1948.33
120	1957.61
60	1918.07
64	1948.33
48	1728.8
124	1643.25
4	198.949
82	2256.64
36	1409.19
4	198.949
52	1721.54
46	1788.53
48	1854.71
26	1067.39
30	1230.02
124	1652.93
4	196.528
52	1838.16
14	672.715
54	1861.97
4	198.949
14	642.449
58	1982.23
94	2358.74
46	1820
54	1989.09
106	1688.04
124	1631.55
124	1430.58
124	1627.51
124	1410.81
124	1481.02
124	1426.95
124	1429.77
124	1631.14
124	1341.39
50	1888.2
122	1277.63
88	2548.81
124	1662.22
2	97.6587
90	2054.06
10	464.081
122	2311.93
8	384.582
14	650.924
44	1493.13
122	2084.33
52	1683.2
78	2397.08
50	1836.15
124	1580.3
4	196.528
52	1717.5
44	1712.66
2	100.08
30	1230.02
38	1525.01
40	1398.3
34	1357.54
26	1098.86
124	1655.36
2	98.8694
56	1846.64
10	470.134
56	1923.31
2	100.08
8	382.16
52	1732.03
44	1684.81
40	1451.56
42	1600.47
76	1548.42
124	1629.53
122	1366.01
124	1619.44
124	1363.99
124	1392.65
124	1386.59
124	1286.51
124	1576.26
124	1337.76
48	1592.81
122	1545.59
16	706.21
124	1644.06
4	195.317
66	2010.07
12	566.582
60	1949.14
4	197.739
8	380.95
60	1995.55
118	1878.11
46	1600.07
50	1804.67
18	813.554
124	1594.42
4	195.317
62	1908.38
32	1308.3
0	0
14	649.713
44	1738.08
10	478.608
10	488.294
14	661.819
124	2025.81
0	0
34	1317.99
12	575.056
42	1651.32
2	98.8694
6	285.712
24	954.392
50	1801.04
14	661.819
26	1147.29
62	1204.19
124	1646.88
124	1393.45
124	1578.68
124	1315.16
124	1604.91
124	1245.35
124	1377.31
124	1628.72
124	1573.84
16	724.369
76	1336.96
16	736.476
122	1647.28
4	198.949
26	1097.65
6	286.923
56	2081.91
4	198.949
10	474.976
72	2142.44
50	1700.96
36	1385.38
22	966.498
26	1135.18
124	1649.3
4	197.739
38	1393.45
24	1025.42
2	100.08
26	1101.28
0	0
0	0
0	0
4	196.528
104	1965.68
20	902.738
0	0
26	1124.29
50	1732.03
4	197.739
12	575.056
10	476.187
76	1351.89
124	1684.41
124	1663.02
100	1515.73
124	1729.61
124	1629.93
2	100.08
14	451.974
10	481.03
4	195.317
76	2145.67
62	1907.57
18	813.554
52	1910.8
124	1690.46
0	0
4	198.949
0	0
2	98.8694
30	1236.07
