116	4.88085
28	43.3382
124	13.5351
124	13.1153
124	13.2325
40	3.88415
20	45.1369
28	41.8681
6	47.8205
116	6.66551
38	42.3938
124	13.1739
124	13.3399
124	10.7136
122	6.80078
72	18.9331
86	26.4183
124	13.7695
124	6.64553
124	12.8973
124	11.0878
124	13.6132
124	11.0976
118	4.7092
10	46.6502
28	41.1763
26	45.4768
40	9.75578
36	40.5902
124	13.1153
124	13.1153
124	13.3008
116	6.16455
18	43.9868
0	50.04
24	43.331
22	43.3815
124	2.70443
28	45.3271
30	41.8076
120	14.2621
6	49.0311
16	46.2567
20	44.9553
24	42.2213
2	50.04
6	48.6276
124	7.48843
114	18.2659
124	1.28875
124	13.213
124	12.9721
124	13.1446
12	47.4169
118	13.4915
120	24.7241
124	14.2772
116	8.52322
94	24.0626
124	10.6582
124	13.2227
124	1.26922
124	12.7606
124	13.1153
124	12.7313
4	48.8294
92	13.0276
16	46.3324
48	37.4543
4	49.7373
16	46.2567
12	47.8205
34	40.1768
90	7.59568
34	43.5239
16	47.2404
124	14.9508
2	50.04
18	44.1885
6	48.6276
0	50.04
26	39.346
20	45.6817
30	41.0543
26	43.9402
38	40.2593
124	13.3594
2	48.8294
20	44.0473
20	44.4105
56	37.4796
8	48.8294
16	46.3324
76	28.4926
106	21.0759
124	9.41504
84	29.9058
110	19.1796
122	13.3965
2	50.04
78	25.8478
32	40.9602
124	18.0751
8	23.8094
44	37.906
84	29.4206
122	14.5344
108	13.2573
74	30.5715
54	36.4315
124	13.3171
4	49.7373
44	39.2818
10	46.4081
66	30.6697
2	48.8294
14	45.3704
28	42.1708
42	40.0089
10	46.5291
30	40.9602
16	45.1974
104	19.2306
2	50.04
32	41.3007
16	47.0891
4	49.132
16	46.3324
38	40.6734
28	42.6464
26	42.4502
34	40.8533
124	13.3431
0	50.04
42	35.6179
8	47.9214
42	39.2307
4	48.8294
24	45.5001
112	22.015
122	14.3458
46	34.5209
78	26.0444
66	31.7519
124	13.5254
2	50.04
64	28.343
28	43.5544
88	25.6758
4	47.6187
14	47.0134
88	25.2126
100	21.7835
42	37.2994
88	26.5975
72	29.5263
124	12.4905
2	48.8294
56	35.642
10	48.4662
96	23.141
2	49.4347
12	47.2152
38	39.5584
38	38.3796
54	39.7495
42	39.5477
48	41.8681
124	13.3594
0	50.04
14	38.7406
18	43.9868
4	49.7373
32	40.9602
26	42.2174
30	30.0375
42	40.816
30	40.9602
124	13.444
2	50.04
38	37.8167
4	48.8294
54	34.2792
2	48.8294
8	48.8294
46	33.0032
60	35.25
46	33.0559
62	32.0561
60	31.8198
124	13.1283
2	50.04
68	28.5926
22	45.0874
102	23.1328
4	49.132
16	45.7271
124	16.6952
124	14.3553
64	32.6118
50	34.9796
48	38.5893
124	12.5035
0	50.04
70	30.0125
6	47.6187
78	28.4812
2	49.4347
12	46.8116
42	36.108
58	33.091
26	39.9979
24	43.6841
20	44.6526
124	15.3055
0	50.04
40	35.7746
32	41.2628
2	50.04
54	34.0924
22	43.3815
48	36.7229
38	40.1955
44	37.9335
124	13.2618
2	50.04
46	35.9421
10	46.7713
60	32.4856
6	49.0311
8	47.77
62	31.5549
68	31.9159
44	33.1735
48	35.6384
52	35.0233
124	13.9354
8	48.5267
64	32.8324
16	46.0297
72	28.5006
12	48.1231
4	48.8294
54	35.2881
62	31.2164
46	31.0469
34	41.067
56	35.1664
124	13.3692
4	49.132
42	37.6741
8	47.9214
70	29.926
2	49.4347
2	48.8294
58	30.9897
84	27.326
80	27.754
56	35.0366
56	34.6691
124	12.9624
2	50.04
42	35.3585
36	40.8593
2	50.04
56	34.2872
24	42.423
50	32.1225
34	41.6367
62	35.2779
122	13.3369
6	48.8294
52	33.7506
2	48.8294
52	36.4668
6	48.8294
10	48.8294
44	37.7134
50	35.5607
36	39.2115
42	37.6741
62	35.2584
122	12.8573
2	49.4347
40	37.7217
8	48.5267
100	22.6673
6	48.8294
18	46.4081
66	29.5141
58	33.9468
34	38.5507
44	37.5759
46	36.1176
124	13.3496
4	49.7373
60	29.7213
16	47.77
66	31.1099
4	48.8294
2	48.8294
42	35.6372
66	30.9265
46	37.1791
42	40.2972
34	42.0284
124	16.5162
0	50.04
54	33.9055
28	40.9602
0	50.04
26	37.9956
40	41.051
38	38.5707
26	42.2174
26	43.8005
124	13.2813
2	50.04
44	34.1549
2	48.8294
34	40.3548
0	50.04
8	49.132
32	38.211
44	38.7865
26	40.9757
30	43.9464
30	44.35
124	13.034
10	47.4976
32	40.8088
8	47.6187
42	40.1531
4	49.4347
8	48.224
48	33.1078
52	36.8393
36	36.9695
34	39.2154
34	40.9246
124	13.2032
0	50.04
48	33.133
10	46.5291
56	35.5555
8	48.9807
10	47.7398
50	34.6002
66	33.7697
28	39.9801
48	35.9915
22	43.9317
124	13.1381
0	50.04
36	41.2292
38	38.8893
4	49.7373
30	41.0812
24	43.2806
32	35.8401
24	43.9868
20	45.0764
124	13.3496
2	50.04
38	37.1477
2	49.4347
38	40.323
4	49.132
2	50.04
26	44.2196
42	39.836
14	46.581
32	42.5113
12	47.5178
124	14.0233
2	50.04
20	39.5881
2	50.04
36	39.1778
2	50.04
6	49.0311
28	36.795
32	41.0358
16	47.0134
20	44.35
14	45.5433
124	13.5449
2	50.04
30	38.9559
4	48.8294
34	40.9602
4	48.8294
4	48.8294
78	27.6689
64	31.0858
30	35.4988
22	43.8217
32	40.3548
124	13.5059
0	50.04
38	41.1195
30	41.7673
2	48.8294
22	43.3264
0	50.04
0	50.04
0	50.04
6	49.0311
122	16.0725
36	39.884
4	49.7373
28	41.479
38	40.3867
0	50.04
4	48.8294
4	49.7373
2	49.4347
34	41.4231
12	46.509
0	50.04
12	46.8116
46	37.7756
0	50.04
2	50.04
6	48.8294
6	49.4347
26	42.1708
30	42.9779
38	42.4894
36	42.4735
122	13.8496
0	50.04
0	50.04
0	50.04
0	50.04
24	45.2983
