124	1428.56
0	0
124	1331.71
124	1537.12
124	1319.2
124	183.615
124	1027.03
124	1300.23
124	422.112
124	1505.64
124	1209.43
124	1497.16
124	1586.75
124	739.301
124	555.686
124	1383.77
124	826.467
124	1100.88
124	850.276
124	817.185
124	1190.47
124	1610.97
124	874.086
124	504.435
124	1000.4
124	1073.44
124	788.13
124	861.172
124	1000.4
124	1177.55
124	1626.3
124	1338.17
98	1061.33
6	292.976
2	100.08
74	854.715
24	1042.37
124	26.2306
124	1642.04
124	1445.91
124	1600.07
124	503.225
124	1310.73
124	1184.41
124	1639.62
124	611.779
124	1443.09
124	1294.99
124	1596.84
124	131.153
124	1501.2
124	1364.4
124	1101.69
124	52.4613
124	1388.21
124	1349.06
124	1163.83
124	236.076
124	1393.86
124	932.6
124	918.073
124	52.4613
124	740.511
124	956.41
124	981.43
124	236.076
124	739.301
124	1172.31
124	1578.68
124	499.593
124	955.199
124	1167.47
124	1547.61
124	131.153
124	1136.39
124	1626.3
124	1322.43
0	0
118	994.343
44	1642.44
2	100.08
40	1605.72
34	1385.38
124	1352.69
118	1897.48
84	2491.51
124	1568.59
30	166.262
58	1740.1
88	1942.28
106	2450.75
122	1132.36
58	2039.13
124	1056.89
124	1609.75
124	610.569
124	1604.91
124	1274.81
124	1249.79
124	367.229
124	1351.08
124	1023
124	1221.14
124	579.495
124	1050.44
124	1104.11
124	1154.15
124	183.615
124	1110.16
124	1483.44
124	1311.53
120	740.915
124	1101.69
124	1604.91
124	1626.3
122	825.66
124	1502.01
124	1076.67
124	1626.3
124	687.243
124	1522.59
124	1626.3
124	1603.7
6	295.397
76	1377.71
56	1911.21
4	197.739
76	2158.98
58	2114.19
122	1643.65
78	1917.66
122	1659.39
124	1633.56
10	485.872
98	1850.67
22	970.13
94	2177.14
8	382.16
14	647.292
124	1312.34
124	1692.89
124	1229.61
124	1575.05
124	945.514
124	1600.07
124	550.844
124	1420.09
124	1049.23
124	1285.3
124	865.611
124	971.745
124	1232.84
124	1311.53
124	933.811
124	1105.32
124	1631.14
124	1600.07
10	382.16
116	1322.83
30	1228.8
122	2419.68
12	570.214
52	1936.23
50	1665.04
112	2035.9
124	1348.66
122	1840.99
78	2455.19
124	1643.25
2	100.08
56	1857.94
60	2039.94
0	0
36	1418.88
56	1988.69
110	1889.41
40	1680.78
82	2481.02
124	1657.78
6	294.187
70	1842.2
16	715.895
74	2045.59
8	387.003
8	383.371
96	2089.98
102	2157.37
124	1260.69
124	1971.33
122	1328.08
124	1565.77
124	1116.62
124	1628.72
124	1215.08
124	1390.22
124	1147.69
124	1396.28
124	1626.3
124	1259.07
44	887.403
114	1319.6
60	2164.63
124	1665.44
4	195.317
114	1740.1
74	2027.83
116	2048.01
18	831.713
104	2560.11
120	1806.69
124	1749.79
42	1529.04
122	1880.54
54	1828.07
124	1576.66
2	97.6587
72	2078.27
62	1948.74
6	295.397
70	2027.43
34	1330.9
44	1300.23
60	1997.56
30	1249.39
124	1696.52
6	296.608
66	2296.59
14	673.926
116	2344.62
2	97.6587
10	476.187
68	2000.39
70	2278.84
58	1681.59
62	2086.75
104	1485.06
124	1650.92
124	1352.69
124	1611.37
124	1182.8
124	1351.08
124	1305.08
124	1263.91
124	1603.7
124	1259.07
30	1156.57
124	2192.48
48	1847.44
124	1696.92
2	100.08
120	1695.31
62	1939.05
118	1806.69
8	385.792
26	1130.34
98	2069.4
120	2576.25
54	1675.13
80	2152.12
60	2184
124	1585.95
0	0
94	2171.09
36	1411.61
0	0
42	1680.38
50	1774.4
36	1175.54
22	967.709
38	1447.53
124	1733.24
2	100.08
50	1753.82
6	290.555
68	2281.66
4	197.739
12	576.267
52	1577.87
52	1845.43
32	1294.99
40	1569.4
88	1886.19
124	1800.63
124	1283.69
124	1557.29
124	1416.45
124	1495.15
124	1306.29
124	1393.86
124	1600.07
124	1285.3
36	1389.01
110	1727.19
98	2061.33
124	1672.71
6	292.976
114	1840.58
12	575.056
124	1895.06
0	0
10	466.502
84	2092.8
80	2084.33
42	1598.05
50	1826.46
40	1518.55
124	1650.51
2	100.08
64	2061.33
42	1669.48
2	97.6587
44	1693.69
30	1232.44
34	1227.59
40	1632.35
34	1389.01
124	1642.04
4	198.949
30	1155.36
2	97.6587
78	2395.87
10	488.294
12	577.478
30	1228.8
56	1894.26
18	812.343
34	1340.59
52	1534.69
90	1694.5
122	1261.49
124	1626.3
124	1294.99
124	1629.93
124	1287.32
124	1383.36
124	1633.56
124	1600.07
30	1209.43
104	1735.66
26	1102.49
124	1666.25
4	198.949
38	1481.43
12	556.897
56	1933
6	292.976
10	476.187
72	2002.41
64	2074.24
46	1589.17
48	1840.18
26	1097.65
124	1549.22
4	196.528
36	1420.09
38	1471.74
4	198.949
26	1121.86
20	889.421
20	714.684
12	572.635
16	723.159
124	1696.52
2	98.8694
40	1620.25
8	382.16
42	1638
0	0
8	384.582
26	1094.02
48	1806.28
36	1605.32
36	1567.79
32	1420.89
124	1818.79
22	86.7629
32	1331.31
44	1269.16
112	2114.19
112	1380.54
122	1650.92
124	1628.72
124	1581.1
16	740.108
32	1293.78
24	1043.58
124	1755.84
8	388.214
36	1324.04
10	473.766
24	1054.47
4	196.528
8	389.424
48	1714.68
114	2058.5
14	456.817
30	1289.34
34	1450.76
124	1683.2
2	100.08
36	1292.57
24	1046
0	0
22	968.92
0	0
0	0
2	100.08
0	0
124	1809.11
36	1499.99
4	196.528
46	1734.05
42	1552.05
0	0
24	1046
6	286.923
2	100.08
122	2043.17
114	1933.4
16	754.635
50	1805.88
124	2004.02
0	0
16	724.369
10	464.081
6	292.976
28	1196.52
54	1976.18
18	813.554
36	1439.46
124	1668.67
0	0
2	98.8694
0	0
0	0
22	988.29
