124	10.3035
2	50.04
124	10.9381
124	12.5849
124	11.5695
124	1.05769
124	6.09879
124	10.8502
124	2.53845
124	11.0618
124	9.50291
124	13.6556
124	12.0186
124	7.29967
124	5.78962
124	10.1375
124	8.18162
124	11.6866
124	4.01921
124	7.36801
124	9.46386
124	12.2659
124	5.0769
124	4.44229
124	9.23605
124	7.8757
124	7.176
124	6.39819
124	10.0008
124	11.3547
124	13.1153
124	10.0464
96	10.3704
12	46.1054
0	50.04
86	10.1216
16	46.3324
124	0.634612
124	13.1153
124	11.2636
124	12.6922
124	2.96152
124	10.3523
124	9.85114
124	13.1153
124	3.59614
124	10.0985
124	9.8609
124	13.0014
124	1.6923
124	10.9934
124	9.56149
124	9.25232
124	0.423075
124	10.8991
124	12.4579
124	7.86594
124	2.98105
124	11.4458
124	7.92452
124	8.87806
124	0
124	5.93281
124	7.2118
124	8.25972
124	2.32691
124	6.16388
124	8.06771
124	12.0869
124	3.3846
124	7.64464
124	11.1855
124	13.2227
124	1.05769
124	10.0887
124	13.2227
124	12.0414
2	49.4347
120	11.1581
28	41.0466
0	50.04
34	40.9246
48	36.1176
122	7.58473
52	36.0943
84	25.7118
124	13.2325
22	15.9952
58	32.6874
58	31.4976
124	15.5854
116	6.03235
84	26.3027
124	9.28487
124	13.4668
124	3.61566
124	12.9493
124	10.3686
124	11.3091
124	2.53845
124	11.6346
124	9.6754
124	7.68369
124	4.87512
124	7.64464
124	10.284
124	9.84788
124	2.74999
124	6.36565
124	12.51
124	10.3653
124	5.49672
124	7.61535
124	12.6922
124	13.1348
114	6.51341
124	11.8331
122	10.3269
124	13.1153
124	3.80767
124	12.9917
124	13.2715
124	13.1348
2	50.04
92	15.0234
44	37.5759
2	49.4347
72	29.3413
88	30.2982
120	14.4201
116	16.8203
120	15.0725
124	13.6523
6	47.8205
54	33.1433
24	44.9956
98	23.7023
10	47.4976
22	44.372
120	11.2119
122	13.4924
124	8.22393
124	13.3887
124	9.54848
124	11.8461
124	5.0769
124	9.54848
124	9.94226
124	10.7884
124	7.95381
124	9.09611
124	10.5866
124	10.7884
124	5.75056
124	9.94226
124	13.1251
124	12.6922
12	39.7831
118	11.8397
30	42.6147
124	15.1851
12	39.5814
52	36.1176
108	23.2489
114	16.0039
114	11.1471
64	34.9259
70	28.9921
124	13.3301
6	48.8294
76	27.1015
48	37.3534
6	48.4258
54	32.0522
52	35.6752
72	28.2092
52	36.6065
58	33.0701
124	13.3301
2	48.8294
60	29.5935
14	46.6675
80	27.9003
8	49.132
4	48.8294
98	18.3779
90	24.4012
122	11.0347
122	13.8298
124	10.6094
124	12.9721
122	8.86483
124	11.8656
124	10.3849
124	11.2115
124	8.647
124	10.3784
124	12.7118
124	10.9999
46	19.3966
124	11.0911
74	29.868
124	13.4408
4	48.8294
120	14.9313
76	30.3829
120	14.7699
8	48.0727
56	33.091
58	30.4749
116	24.3868
70	30.589
120	15.4256
92	25.5902
122	12.7382
8	49.132
86	25.9773
40	38.5389
0	50.04
62	31.262
42	38.3659
56	35.5339
62	33.5596
50	36.3597
124	12.6857
6	48.6276
68	31.0851
10	46.4081
56	33.6963
2	50.04
14	46.4945
70	26.0058
82	29.71
44	30.6788
68	32.5034
124	12.0349
124	13.0893
122	10.1913
124	13.2422
124	10.1538
124	11.1366
124	10.3165
124	10.0497
124	12.9624
124	11.2115
46	38.5126
96	14.7379
82	25.3989
124	13.1804
10	46.7713
122	18.5632
50	41.2749
124	14.1405
10	48.5872
42	38.4524
118	15.6802
122	14.8321
52	35.846
72	27.8056
74	29.639
124	12.9428
2	49.4347
86	22.7019
62	33.4034
8	48.9807
30	37.8663
26	42.3105
38	35.0238
38	41.2469
42	40.0089
122	13.1484
10	48.5872
48	36.0335
10	48.224
92	27.2746
2	50.04
12	46.6098
40	36.8238
46	35.5386
28	33.3936
36	43.0115
84	13.7831
122	13.0889
124	11.947
124	12.7996
124	10.7884
124	13.1446
124	10.323
124	9.97155
124	12.9038
124	10.7884
54	33.4422
120	10.5192
92	30.0775
124	13.4766
0	50.04
68	29.2335
12	47.4169
88	25.2493
0	50.04
22	43.6016
52	35.2329
76	26.7988
52	35.5588
62	32.8957
44	37.9886
124	13.0991
0	50.04
48	32.7295
56	36.3986
2	50.04
22	43.6566
46	36.4334
36	37.9111
36	41.7673
20	44.0473
122	13.4229
0	50.04
38	38.5389
6	48.8294
60	35.1491
4	48.8294
10	48.103
36	41.7673
66	34.7235
24	39.4132
48	37.2021
32	41.0358
124	14.4724
84	10.5499
66	32.3022
100	11.4688
72	32.1662
122	10.79
124	13.213
124	13.1251
124	13.1739
26	43.8936
88	19.9298
48	37.8327
122	13.4626
0	50.04
60	34.2209
28	43.5544
58	34.6356
2	50.04
6	48.6276
70	29.6147
60	33.0775
54	34.2194
38	40.2274
22	43.9868
124	13.1674
0	50.04
38	40.8964
40	39.81
0	50.04
24	42.423
26	44.1265
6	48.0223
18	47.0134
4	48.8294
106	21.6698
2	50.04
34	41.7079
2	48.8294
42	36.8094
4	48.8294
18	46.6771
18	43.785
60	33.999
12	31.0396
52	37.0256
28	44.2462
124	13.6425
8	48.0727
98	22.5164
44	39.0066
120	16.7069
36	10.907
28	41.0034
118	22.6158
108	16.7211
20	43.9262
28	40.9602
26	42.3571
74	31.5368
4	49.132
28	41.0899
14	47.9646
46	38.5915
2	48.8294
12	46.509
36	39.7495
124	14.9996
18	39.0994
24	43.9363
24	43.5832
124	13.3301
2	49.4347
16	44.8948
38	39.0486
0	50.04
16	45.4244
0	50.04
0	50.04
0	50.04
4	48.8294
122	14.0779
42	41.4214
6	48.4258
68	30.2068
38	40.6097
6	32.7547
28	44.5921
14	48.224
16	47.316
80	25.706
104	18.7184
20	47.1345
70	35.5296
124	13.6621
2	50.04
4	48.8294
12	46.4081
6	48.8294
26	43.3815
52	34.0688
6	48.0223
8	48.678
106	22.6177
0	50.04
0	50.04
0	50.04
0	50.04
32	41.7168
