122	724.773
18	817.185
124	1685.62
124	1626.3
124	1639.62
28	339.788
16	725.58
20	883.367
6	291.765
120	890.631
40	1560.93
124	1685.62
124	1672.3
124	1388.21
118	601.691
62	1288.53
92	2069.8
124	1714.68
124	655.766
124	1654.55
124	1746.15
124	1684.41
124	1371.26
118	694.91
14	653.345
44	1722.34
28	1201.36
46	292.573
20	879.735
124	1626.3
124	1626.3
124	1615.4
122	580.706
20	880.946
0	0
28	1228
12	560.529
122	137.206
24	1065.37
40	1587.56
114	1830.9
4	198.949
12	556.897
20	901.527
34	1330.9
4	197.739
10	483.451
122	1414.03
102	2304.26
124	288.537
124	1634.77
124	1626.3
124	1527.43
2	97.6587
122	1271.18
102	2497.16
82	2197.72
46	1133.16
88	2226.78
124	1135.59
124	1661.41
124	157.384
122	1635.18
124	1631.14
124	1627.51
4	197.739
124	1483.85
22	1006.45
62	2014.11
4	197.739
16	719.527
14	649.713
26	1150.92
104	501.207
20	903.948
16	760.689
124	1838.57
0	0
20	913.634
20	919.687
0	0
34	1219.12
40	1563.35
32	1394.26
36	1449.14
26	1096.44
124	1577.87
8	390.635
26	1096.44
22	991.922
46	1708.62
26	1192.08
12	572.635
114	1429.37
124	1874.48
124	1067.39
124	1640.02
124	1632.35
124	1573.84
6	286.923
72	1525.41
20	907.58
104	2109.75
10	388.214
28	1229.21
100	2500.39
120	1703.38
122	1117.83
116	1850.67
62	1960.84
124	1646.88
4	197.739
46	1607.33
10	482.24
100	2428.96
8	388.214
16	741.318
14	667.873
34	1369.64
26	1147.29
38	1486.27
14	642.449
124	1682.39
0	0
12	578.688
18	795.394
0	0
34	1422.91
26	1097.65
34	1416.86
20	894.263
38	1487.48
124	1610.16
2	98.8694
22	965.288
18	825.66
62	2135.17
2	100.08
14	636.396
108	1804.67
90	2326.86
58	1476.58
56	1885.78
42	1629.53
124	1621.86
12	581.11
52	1763.91
14	649.713
94	2028.23
2	98.8694
12	558.107
88	1993.93
120	1932.19
62	1963.26
64	2018.55
48	1698.54
124	1652.93
2	98.8694
74	2244.94
8	387.003
118	1991.91
4	198.949
12	559.318
34	1344.62
44	1590.38
32	1219.12
32	1291.35
28	1194.1
122	1600.88
2	97.6587
24	1076.26
18	823.239
0	0
38	1543.17
28	1171.1
46	1621.05
32	1322.83
34	1372.06
124	1683.2
10	488.294
48	1731.22
8	388.214
42	1629.53
0	0
12	556.897
66	1799.02
82	2156.56
70	2251.8
58	1931.38
46	1662.62
124	1648.5
4	198.949
74	2271.98
30	1336.55
68	2091.59
6	285.712
14	633.975
82	2090.78
124	1870.85
36	1262.3
74	2211.45
48	1684.01
124	1583.52
0	0
48	1646.88
12	571.425
96	2326.86
2	100.08
8	384.582
36	1340.59
56	1906.36
40	1525.82
34	1391.43
54	2070.2
124	1651.72
4	196.528
36	1423.72
28	1221.94
2	100.08
28	1096.44
30	1289.34
36	1450.35
26	1129.13
28	1150.52
124	1708.62
6	294.187
44	1615
4	195.317
52	1807.9
2	98.8694
8	390.635
78	2245.75
46	1665.04
60	2083.92
46	1766.73
46	1698.94
124	1548.01
2	98.8694
58	1885.78
14	648.502
70	2098.45
0	0
4	195.317
76	2397.88
88	2151.72
52	1731.22
52	1815.16
50	1739.29
124	1602.09
4	196.528
66	2037.11
12	564.161
50	1730.82
2	100.08
8	389.424
52	1863.99
54	1836.55
32	1210.65
36	1407.98
40	1623.88
124	1643.25
4	194.107
26	1012.1
32	1366.41
6	292.976
42	1622.26
38	1520.17
38	1520.17
32	1348.26
48	1709.43
122	1605.72
0	0
54	1953.98
4	195.317
54	1891.03
8	380.95
8	380.95
56	1815.97
58	2037.92
48	1625.49
32	1291.35
44	1739.29
124	1624.28
6	289.344
50	1658.99
8	389.424
58	2054.87
6	296.608
14	647.292
58	1847.44
50	1786.51
40	1620.25
52	1862.38
38	1487.48
124	1631.14
2	100.08
44	1456.81
4	196.528
64	2252.2
0	0
10	478.608
40	1460.85
70	2139.61
30	1149.31
32	1327.67
22	931.39
124	1632.76
6	296.608
38	1531.06
24	1083.53
0	0
32	1146.88
32	1349.47
24	1044.79
28	1208.63
26	1166.66
124	1680.78
2	98.8694
40	1363.19
8	389.424
40	1542.77
2	100.08
8	389.424
40	1575.45
48	1708.22
34	1250.6
28	1150.52
32	1322.83
124	1656.57
4	197.739
42	1646.48
10	479.819
42	1596.84
6	294.187
8	382.16
34	1309.51
30	1233.65
22	811.132
22	1016.13
24	1076.26
122	2075.85
4	196.528
38	1394.66
0	0
36	1451.56
4	196.528
6	295.397
62	2020.97
40	1622.67
32	1384.57
38	1502.01
40	1629.93
124	1654.14
8	388.214
24	1015.73
34	1330.9
0	0
18	814.764
18	811.132
14	556.897
14	652.134
20	905.159
124	1765.52
0	0
32	1249.39
0	0
28	1206.21
2	100.08
6	294.187
36	1430.98
30	1257.86
10	471.345
20	883.367
18	792.973
124	1784.89
0	0
36	1508.46
4	195.317
24	1021.78
6	296.608
6	295.397
24	1069
30	1238.49
26	931.39
8	380.95
12	556.897
116	1809.51
2	100.08
30	1315.97
0	0
32	1348.26
0	0
6	292.976
40	1494.34
42	1567.79
20	911.212
14	650.924
24	1064.16
124	1724.36
2	100.08
28	1157.78
36	1532.68
0	0
14	648.502
0	0
0	0
0	0
2	100.08
38	1464.48
6	292.976
2	98.8694
12	556.897
26	1152.13
0	0
6	292.976
0	0
0	0
34	1389.01
14	653.345
2	100.08
12	577.478
28	1151.73
0	0
0	0
4	195.317
8	384.582
18	813.554
14	633.975
10	488.294
8	389.424
64	2114.19
0	0
0	0
0	0
2	100.08
18	794.183
