805.483	7.19181
886.999	44.35
1690.46	13.6328
1626.3	13.1153
1656.57	13.3594
175.947	7.9976
964.077	43.8217
1119.44	43.0555
285.712	47.6187
987.886	8.09743
1969.72	31.7697
1686.83	13.6035
1794.58	14.4724
1377.71	11.1106
988.694	8.10405
1623.88	40.597
2113.38	33.0216
1280.46	40.0143
688.05	5.63975
2030.66	16.3763
1684.41	13.584
1857.53	14.9801
1557.7	12.5621
776.831	6.26476
650.924	46.4945
2134.37	39.5253
478.608	47.8608
717.105	11.2048
1387.8	40.8177
1626.3	13.1153
1626.3	13.1153
1655.36	13.3496
594.023	5.60399
1288.13	42.9375
0	50.04
991.922	45.0874
1627.11	38.7406
104.923	0.84615
879.735	43.9868
1565.77	39.1442
1666.65	13.6611
198.949	49.7373
884.578	44.2289
1387.4	36.5105
1806.28	37.6309
1570.21	43.6169
2022.99	37.4627
1019.77	8.22393
1723.15	13.8964
183.615	1.48076
1642.85	13.2488
1688.04	13.6132
1471.74	11.8689
97.6587	48.8294
1177.55	10.1513
2191.67	37.7874
1997.16	16.3702
723.159	45.1974
1819.2	32.4856
1242.93	10.9029
1872.06	16.7148
104.923	0.84615
1672.3	13.4863
1649.3	13.3008
1523.8	12.2887
470.134	47.0134
1217.91	10.1492
1272.79	45.4568
2146.47	27.5189
196.528	49.132
885.789	44.2894
558.107	46.509
1492.32	39.2716
439.868	3.72769
1058.1	44.0877
292.976	48.8294
1719.12	14.0911
97.6587	48.8294
285.712	47.6187
1135.18	43.6608
195.317	48.8294
813.554	45.1974
740.108	46.2567
1016.94	42.3726
1179.98	45.3837
897.895	44.8948
1727.19	14.8895
0	50.04
1079.9	44.9956
728.001	45.5001
2101.28	33.8916
195.317	32.5529
717.105	44.8191
1657.78	13.8148
1757.05	14.1698
1268.76	10.573
1673.52	13.4961
1632.35	13.1641
1629.93	13.1446
388.214	48.5267
1583.93	15.8393
831.713	46.2063
2043.17	30.0466
197.739	49.4347
465.291	46.5291
1700.15	25.7598
2292.15	26.0472
962.059	7.75854
1686.83	13.6035
1657.78	13.3692
1626.3	13.1153
196.528	49.132
1838.57	19.5592
571.425	47.6187
2121.86	28.6737
296.608	49.4347
571.425	47.6187
879.735	43.9868
1517.34	37.9335
843.82	46.8789
1030.26	42.9275
742.529	46.4081
1772.79	14.2967
0	50.04
901.527	40.9785
735.265	45.9541
100.08	50.04
1334.94	39.2629
954.392	43.3815
991.922	45.0874
1307.09	40.8467
1628.32	38.7695
1631.55	13.1576
0	50.04
1067.39	35.5795
1079.9	44.9956
1564.56	39.1139
97.6587	48.8294
559.318	46.6098
2058.5	29.4071
2070.61	19.534
1466.09	15.2718
1819.6	33.6963
2195.71	32.2898
1644.46	13.2618
100.08	50.04
1465.69	38.5707
1097.65	42.2174
2450.75	26.0718
286.923	47.8205
1073.84	44.7434
2253.41	22.0923
2119.44	17.3724
1343.41	26.8683
1564.15	37.2418
2002.81	34.5312
1622.26	13.0828
100.08	50.04
2193.69	36.5615
1205	43.0356
2260.27	23.5445
100.08	50.04
665.451	47.5322
1545.19	38.6297
1696.92	38.5664
829.292	41.4646
1242.12	41.4041
731.633	45.7271
1936.23	15.6147
0	50.04
939.864	39.161
1353.1	42.2843
0	50.04
1278.44	39.9513
1413.23	41.5655
1134.78	35.4618
1004.03	45.6377
1420.09	39.4469
1551.64	12.7184
0	50.04
1195.31	42.6897
195.317	48.8294
1806.28	37.6309
291.765	48.6276
292.976	48.8294
1941.87	30.3418
2198.13	25.5596
1679.57	34.991
1840.58	35.3958
2132.35	33.318
1650.51	13.3106
289.344	48.224
1748.58	31.2246
466.502	46.6502
2074.24	29.632
483.451	48.3451
834.135	46.3408
2257.45	19.1309
1797	14.4919
1654.55	35.9684
2201.36	28.9652
2020.57	30.6146
1615.81	13.0307
195.317	48.8294
2209.83	26.9492
673.926	48.1376
2174.72	24.7128
0	50.04
383.371	47.9214
1764.31	38.3546
1784.09	35.6817
1310.32	34.4821
1817.99	36.3597
1557.29	38.9323
1667.87	13.4505
0	50.04
1042.37	43.4319
1331.71	44.3903
98.8694	49.4347
1129.94	35.3105
1037.52	43.2301
1299.83	38.2303
1663.43	39.6054
1560.93	39.0231
1665.04	13.4277
0	50.04
1811.93	34.8449
577.478	48.1231
1661.81	37.7685
100.08	50.04
464.081	46.4081
1782.47	31.8299
1812.74	34.8604
1872.06	34.6678
1428.96	42.0284
1720.33	35.8401
1695.71	13.6751
294.187	49.0311
2030.25	36.2545
478.608	47.8608
1937.84	31.2555
192.896	48.224
389.424	48.678
1521.78	34.5859
2125.09	30.3584
1774.81	29.5801
1732.43	36.0924
1737.68	37.7756
1610.16	13.198
389.424	48.678
1866.81	33.336
196.528	49.132
2206.6	27.5825
0	50.04
292.976	48.8294
1471.74	35.0415
1617.83	40.4456
1213.07	35.6784
1608.14	40.2035
791.762	43.9868
1635.18	13.1869
195.317	48.8294
1370.85	38.0793
951.971	43.2714
198.949	49.7373
1228.8	40.9602
1664.64	39.6342
1227.59	38.3623
1089.18	41.8914
1157.78	41.3493
1623.48	13.0925
196.528	49.132
1282.07	42.7358
743.74	46.4837
1736.07	36.168
198.949	49.7373
379.739	47.4674
1580.3	35.9158
1853.09	33.091
984.255	32.8085
902.738	45.1369
1332.52	41.6411
2051.24	16.5422
195.317	48.8294
1886.99	30.4354
195.317	48.8294
1960.44	37.7007
97.6587	48.8294
729.212	45.5757
2029.85	34.9974
2213.87	32.5569
1122.67	33.0198
1433.4	39.8168
1816.37	39.4863
1621.05	13.073
196.528	49.132
1777.23	35.5445
292.976	48.8294
2008.46	33.4743
98.8694	49.4347
97.6587	48.8294
1830.9	33.9055
1661.01	39.5477
1317.99	38.7644
1475.37	38.8256
1327.67	41.4898
1646.48	13.4957
0	50.04
1707.82	38.814
1305.08	43.5025
296.608	49.4347
1253.82	36.8772
1140.02	43.8471
984.658	41.0274
902.738	45.1369
1137.6	43.754
1793.37	14.4627
0	50.04
1581.51	37.6549
387.003	48.3754
1055.68	43.9868
0	50.04
198.949	49.7373
1364.8	37.9111
1876.1	37.5219
1537.92	33.4331
1379.33	40.5685
1228.8	40.9602
1604.91	12.9428
98.8694	49.4347
1384.57	32.9661
195.317	48.8294
1774.4	40.3273
98.8694	49.4347
196.528	49.132
1591.19	36.1634
1309.51	40.9223
1203.78	42.9923
880.946	44.0473
974.973	44.317
1694.1	13.6621
196.528	49.132
1707.41	34.1483
560.529	46.7107
1343.41	41.9816
0	50.04
476.187	47.6187
1210.65	37.8327
1370.85	40.3192
1146.88	40.9602
1699.75	40.4701
1345.83	42.0573
1657.78	13.3692
97.6587	48.8294
1376.91	36.2344
905.159	45.258
0	50.04
1185.63	42.3438
560.529	46.7107
542.369	38.7406
633.975	45.2839
848.662	47.1479
1920.89	19.6009
0	50.04
1236.47	44.1597
100.08	50.04
800.236	44.4576
197.739	49.4347
285.712	47.6187
751.004	46.9377
1012.1	42.1708
470.134	47.0134
476.187	47.6187
380.95	47.6187
1753.42	14.1405
196.528	49.132
897.895	44.8948
196.528	49.132
1231.63	43.9868
0	50.04
195.317	48.8294
1010.08	45.9128
1144.87	44.0333
0	0
473.766	47.3766
97.6587	48.8294
1903.54	17.9579
198.949	49.7373
835.345	46.4081
559.318	46.6098
637.606	45.5433
100.08	50.04
0	50.04
1506.45	37.6612
1055.68	43.9868
195.317	32.5529
198.949	49.7373
97.6587	48.8294
3064.14	26.8784
0	50.04
960.445	43.6566
635.185	45.3704
0	50.04
724.369	45.2731
0	50.04
0	50.04
0	50.04
0	50.04
901.527	45.0764
0	50.04
100.08	50.04
579.899	48.3249
1065.37	44.3903
0	50.04
488.294	48.8294
0	50.04
0	50.04
954.392	43.3815
380.95	47.6187
0	50.04
393.056	49.132
813.554	45.1974
0	50.04
100.08	50.04
100.08	50.04
100.08	50.04
976.184	44.372
285.712	47.6187
488.294	48.8294
389.424	48.678
1124.29	43.2418
0	50.04
0	50.04
0	50.04
196.528	49.132
1052.05	43.8354
