118	7.27413
18	46.3408
124	13.5644
124	13.1153
124	13.3106
32	7.68003
24	37.0087
30	42.534
16	47.543
124	6.04672
124	15.6863
124	13.6816
124	14.697
124	10.7461
122	5.18328
18	46.3408
42	37.5876
22	46.353
124	2.88667
84	27.3164
124	13.6425
124	13.7695
124	10.0236
122	5.24613
16	45.2731
32	41.4898
26	43.1021
74	6.43496
38	41.6929
124	13.1153
124	13.1153
124	13.2325
122	4.60773
20	44.0473
0	50.04
14	45.3704
20	43.8052
124	0.423075
30	44.8342
32	40.3548
124	14.4138
2	50.04
24	44.2894
30	35.4988
76	31.1635
28	26.8936
46	36.1176
124	6.07926
124	13.2032
124	1.05769
124	13.0991
124	13.5351
124	11.0585
4	48.8294
122	13.0293
58	34.072
122	17.2434
22	43.0513
98	26.6177
124	9.15794
124	13.3789
124	0.634612
124	13.457
124	13.1934
124	11.8461
0	50.04
112	13.4108
14	45.1974
56	34.4313
0	50.04
20	45.5606
6	48.8294
36	40.1867
112	2.82124
20	43.3209
10	48.3451
110	16.938
0	50.04
10	47.9819
16	45.1974
0	50.04
22	40.9235
24	43.4319
14	45.3704
28	43.122
20	43.9868
124	13.6621
2	50.04
30	38.2295
16	44.8191
60	35.4719
6	49.0311
0	50.04
96	15.7678
90	26.3383
124	8.99522
124	13.418
124	13.1446
124	12.7704
4	49.7373
86	17.5497
14	46.4945
74	28.1502
0	50.04
6	48.6276
68	20.6166
72	30.636
124	7.89523
124	13.1934
124	13.3887
124	12.4807
2	49.4347
122	12.338
24	44.693
64	33.1099
4	49.7373
26	42.2639
12	47.7196
58	33.6754
26	43.1021
38	41.1513
32	41.1493
124	13.1967
2	49.4347
18	40.1755
36	43.9195
0	50.04
34	38.622
16	44.4408
16	45.2731
30	42.4533
38	40.5141
124	13.0014
2	48.8294
26	39.02
24	44.3903
52	36.6531
2	50.04
10	46.5291
98	18.7156
116	17.1438
110	13.9591
52	38.5156
72	30.9051
122	13.3932
4	48.8294
48	34.0326
16	46.8621
120	17.06
6	47.6187
30	41.8076
116	15.8428
116	14.6808
98	13.8442
52	36.6531
46	36.1176
124	13.2097
2	49.4347
62	33.3448
12	46.509
88	25.0292
8	49.132
16	45.2731
36	36.3754
54	34.8173
30	38.3505
24	43.5328
18	46.8116
124	13.5254
4	49.7373
16	39.5477
14	45.1974
2	50.04
36	39.1554
22	43.9868
16	45.1218
32	41.5277
38	39.1442
124	13.6425
6	49.0311
50	37.3847
6	48.0223
46	37.5914
2	49.4347
14	46.4081
44	35.8241
84	26.1874
52	33.6575
40	38.8415
60	34.8868
124	13.4473
8	48.5267
64	31.0291
12	47.0134
88	26.8039
6	49.4347
20	45.1369
72	27.2339
54	33.9653
70	32.3531
74	31.7658
80	28.4149
124	12.8387
8	48.224
82	25.3989
4	48.8294
100	24.0717
6	48.8294
12	47.6187
24	42.1708
54	34.5034
24	41.1283
32	41.4898
26	42.1708
118	13.5394
2	50.04
32	41.1115
26	42.1708
2	50.04
34	40.3192
34	41.9216
32	41.5277
30	42.2515
38	41.7566
124	14.0168
2	50.04
34	39.1798
8	48.3754
44	37.0256
2	49.4347
4	49.4347
56	34.0206
58	33.5502
38	34.9282
50	37.9093
68	31.9693
124	12.7053
2	49.4347
54	33.8831
8	47.6187
62	32.8371
2	50.04
20	46.7713
74	32.3657
98	28.6808
34	39.1442
56	36.5716
24	44.6425
124	12.9754
4	49.132
42	38.4236
2	49.4347
86	25.6019
2	49.4347
6	49.2329
38	38.9318
50	34.8343
38	40.1955
34	43.1678
24	43.6841
124	13.073
2	49.4347
42	35.2432
28	42.2573
4	49.7373
34	37.803
40	38.7205
16	45.5757
24	42.1708
14	47.1863
122	13.9026
6	48.8294
38	36.0114
8	47.6187
40	38.9929
0	50.04
8	47.6187
46	36.3281
54	35.0415
22	40.6483
30	42.1305
54	37.4403
122	13.1947
8	49.132
54	34.7126
16	46.7864
38	38.8256
4	49.4347
6	48.0223
46	37.5914
38	38.5389
20	39.0433
42	40.3837
42	37.8471
124	13.457
4	49.4347
48	36.6725
10	47.2555
60	33.212
2	48.8294
8	47.9214
36	39.3796
52	35.5821
44	33.8339
36	41.6664
34	41.9928
124	13.4082
0	50.04
30	38.3102
34	41.2094
4	49.132
30	39.5208
28	43.122
36	35.3777
34	41.8147
18	45.1974
124	13.8085
6	49.0311
24	43.1292
4	48.8294
40	39.5074
2	49.4347
10	47.7398
26	38.9269
60	35.6333
26	35.7296
20	44.1684
30	43.8254
124	13.1967
0	50.04
40	37.9739
10	47.7398
40	39.235
4	49.7373
8	47.1647
26	38.8803
52	35.9546
26	35.9158
30	42.0094
34	41.8859
124	13.3919
0	50.04
38	39.2079
4	48.8294
44	37.3007
4	49.132
4	49.7373
32	39.9891
32	40.998
30	35.2567
14	45.8892
8	47.316
124	14.5993
4	48.8294
22	36.3744
32	43.041
0	50.04
8	47.6187
30	43.5832
16	39.5477
6	48.224
12	46.4081
118	13.9156
4	49.132
28	42.8194
2	50.04
28	45.0677
2	49.4347
6	48.0223
30	43.2604
20	45.1369
12	46.9125
20	45.5606
14	45.1974
122	13.3733
2	48.8294
16	45.5757
4	49.132
40	39.7495
2	50.04
6	49.4347
34	41.8859
24	44.2894
6	48.8294
28	42.9058
14	47.1863
124	13.7695
4	49.7373
18	39.0994
12	48.5267
30	42.2112
2	50.04
2	50.04
12	46.509
26	42.683
14	46.1486
20	45.8027
12	46.4081
124	13.8671
0	50.04
26	43.8471
14	46.4081
4	49.4347
14	46.3216
0	50.04
0	50.04
0	50.04
6	49.4347
24	42.7761
2	49.4347
0	50.04
14	46.0622
22	45.3075
0	50.04
0	50.04
0	50.04
4	49.7373
20	44.8342
12	46.6098
4	49.7373
2	48.8294
24	45.8027
0	50.04
0	50.04
4	49.132
6	49.0311
16	46.2567
10	48.103
0	50.04
6	49.2329
30	41.7673
0	50.04
0	50.04
0	50.04
2	50.04
14	46.3216
