1144.06	9.22629
0	50.04
1280.06	10.323
1381.75	11.1431
1349.06	10.8795
78.6919	0.634612
734.458	5.92305
1412.42	11.3905
393.46	3.17306
1146.08	9.24256
1370.85	11.0553
1554.87	12.5393
1281.67	10.336
1099.67	8.8683
610.972	4.9272
1239.3	9.99433
1194.1	9.62984
1195.31	9.6396
769.163	6.20293
833.731	6.72364
1454.39	11.7289
1609.35	12.9786
1029.05	8.29878
733.651	5.91654
1058.1	8.5331
1049.23	8.4615
723.966	5.83843
740.511	5.97187
1379.73	11.1269
1294.58	10.4402
1626.3	13.1153
1321.62	10.6582
799.833	7.54559
879.735	43.9868
100.08	50.04
859.155	14.3192
724.369	45.2731
78.6919	0.634612
1626.3	13.1153
1388.21	11.1952
1612.18	13.0014
424.533	3.42365
1289.34	10.3979
1096.04	8.83901
1634.77	13.1837
481.837	3.88578
1452.77	11.7159
1402.33	11.3091
1694.1	13.6621
183.615	1.48076
1585.54	12.7866
1365.61	11.013
1269.97	10.2417
400.724	3.23164
1412.42	11.3905
1280.86	10.3295
1452.77	11.7159
131.153	1.05769
1452.77	11.7159
1002.82	8.08724
792.973	6.39494
104.923	0.84615
947.935	7.64464
1083.93	8.74138
919.283	7.41357
453.185	3.65472
788.13	6.35589
1370.05	11.0488
1473.76	11.8852
435.429	3.51152
959.235	7.73576
1302.25	10.502
1626.3	13.1153
52.4613	0.423075
1241.31	10.0106
1649.3	13.3008
1213.87	9.7893
393.056	49.132
1020.98	9.11587
1854.3	42.1433
296.608	49.4347
1013.31	38.9735
1345.83	42.0573
1076.26	10.5516
1809.51	36.1902
2009.27	31.3948
1580.7	12.7476
291.765	36.4707
1644.86	35.7579
1824.04	33.7785
1943.49	15.6733
991.922	18.3689
1788.12	37.2526
1102.49	8.89108
1621.86	13.0795
498.382	4.01921
1524.2	12.292
1318.8	10.6355
1420.49	11.4556
605.726	4.88489
1402.33	11.3091
1355.12	10.9284
1403.94	11.3221
315.978	2.54821
1268.76	10.2319
1094.83	8.82925
1287.72	10.3849
209.845	1.6923
865.611	6.98074
1532.27	12.357
1277.23	10.3002
922.512	7.56157
895.474	7.22156
1633.56	13.1739
1631.14	13.1544
173.526	7.88754
1625.9	16.259
1286.92	20.1081
2239.29	32.9307
448.342	3.61566
1631.14	13.1544
1626.3	13.1153
1628.72	13.1348
198.949	49.7373
1318.8	12.2111
1615.81	36.7229
197.739	49.4347
1668.27	37.9152
2075.05	28.8201
1732.43	36.0924
1661.41	36.1176
1811.13	37.7318
1599.26	12.8973
195.317	48.8294
1716.69	34.3339
971.341	44.1519
1827.27	26.1038
466.502	46.6502
1221.94	43.6409
1253.82	10.1115
1778.84	14.3455
970.534	7.82689
1577.87	12.7248
1131.55	9.1254
1578.68	12.7313
730.019	5.88725
1241.31	10.0106
1471.74	11.8689
1631.14	13.1544
947.128	7.63813
1180.38	9.67524
1320.01	10.6452
1445.11	11.6541
904.352	7.29316
1104.11	8.9041
1629.93	13.1446
1576.26	12.7118
566.582	40.4701
1221.94	10.1829
2291.35	30.9642
1798.62	14.505
195.317	48.8294
2488.68	27.0509
2119.03	18.9199
1760.68	14.199
1231.63	10.4375
2396.67	23.0449
2017.74	32.5442
1685.22	14.0435
296.608	49.4347
1223.96	40.7987
2642.84	29.3649
98.8694	49.4347
1548.82	38.7205
2379.32	29.0161
1517.34	37.9335
1774.4	35.488
1617.42	38.51
1603.7	12.9331
198.949	49.7373
2173.11	36.2185
1006.45	45.7477
2169.88	33.9044
296.608	49.4347
289.344	48.224
1725.17	16.5882
2596.43	28.2221
1240.1	10.0008
1650.51	13.3106
1593.21	13.0591
1638.41	13.213
932.197	9.91699
1361.98	10.9837
1343.41	11.0116
1620.65	13.0698
1073.44	8.65676
1627.91	13.1283
1603.7	12.9331
1626.3	13.1153
907.58	18.1516
1717.5	14.3125
2045.59	32.9933
1671.5	13.4798
98.8694	49.4347
1830.09	15.7767
2130.74	20.8896
1712.66	14.0382
389.424	48.678
2429.76	26.9974
1642.44	13.2455
1673.92	13.7206
1736.87	39.4744
2003.21	29.459
2205.8	33.4211
1646.48	13.278
196.528	49.132
1708.62	34.1725
2058.9	30.278
97.6587	48.8294
1391.43	40.9246
2037.52	33.9586
1013.31	38.9735
1888.2	37.7641
2122.66	33.1666
1549.22	12.4937
0	50.04
2018.15	32.5507
941.478	47.0739
1690.87	38.4288
484.662	48.4662
97.6587	48.8294
1754.63	30.2522
2402.73	24.5176
1581.1	19.7638
2103.7	33.9306
1846.64	17.0985
1647.28	13.2846
393.056	49.132
2244.54	19.0215
1455.2	38.2946
1866.01	15.0484
497.575	6.72399
1891.83	23.6479
1783.68	34.3016
2558.5	20.633
2064.15	38.225
2754.62	22.2147
2539.13	28.8537
1671.9	13.4831
97.6587	48.8294
2117.01	24.6165
575.056	47.9214
2375.29	24.7426
296.608	49.4347
382.16	47.77
2243.33	25.4923
1771.17	15.5366
1517.34	37.9335
1878.92	34.7948
1960.03	36.2969
1587.16	12.7996
197.739	49.4347
1815.97	36.3194
2215.48	26.3748
0	50.04
1511.69	37.7923
1539.13	38.4783
1472.14	35.0511
2040.34	39.2373
951.971	43.2714
1680.78	13.5547
100.08	50.04
2039.94	32.9022
749.793	46.8621
1335.75	39.2866
100.08	50.04
474.976	47.4976
1490.3	41.3973
2062.13	29.459
1160.2	36.2563
2088.77	36.0132
1798.62	35.9723
1635.99	13.1934
291.765	48.6276
1825.65	29.446
559.318	46.6098
1839.78	15.0801
100.08	50.04
724.369	45.2731
2094.42	25.5417
2055.27	16.8465
2200.95	35.4992
1855.92	18.5592
1884.17	32.4856
1650.51	13.3106
97.6587	48.8294
2425.73	21.6583
556.897	46.4081
2110.15	29.3077
198.949	49.7373
744.95	46.5594
1829.28	38.1101
1703.38	35.487
1604.51	40.1127
1811.93	36.2386
1593.21	37.9335
1593.21	12.8485
100.08	50.04
1772.38	30.5584
1953.98	32.5664
98.8694	49.4347
1863.59	33.2783
796.605	44.2558
1092.81	39.0289
902.738	45.1369
1296.2	40.5062
1657.78	13.3692
292.976	48.8294
1691.27	32.5244
196.528	49.132
1976.18	34.072
0	50.04
190.475	47.6187
1175.94	41.9979
2286.1	32.6586
543.58	38.8271
1343.01	39.5003
1135.18	43.6608
1660.2	13.3887
196.528	49.132
1406.77	37.0203
476.187	47.6187
1948.33	37.4679
289.344	48.224
559.318	46.6098
1851.08	33.0549
2028.64	32.72
1648.5	35.8369
1794.58	39.0126
1891.03	35.019
1746.56	14.0851
97.6587	48.8294
1997.56	31.2119
393.056	49.132
2376.5	28.2916
0	50.04
560.529	46.7107
1686.03	36.6527
1893.05	33.8044
1807.09	41.0702
1418.47	44.3273
1529.45	38.2362
1624.28	13.0991
98.8694	49.4347
1558.5	35.4205
1527.03	38.1757
0	50.04
791.762	35.9892
1403.94	43.8733
664.241	47.4458
464.081	46.4081
556.897	46.4081
1788.53	14.4236
0	50.04
1195.31	37.3534
290.555	48.4258
1774.81	36.9751
0	50.04
195.317	48.8294
1239.7	38.7406
1391.03	38.6398
571.425	47.6187
1283.28	42.7761
982.237	44.6471
1742.93	14.2863
97.6587	48.8294
1240.91	38.7785
285.712	47.6187
1328.88	41.5277
97.6587	48.8294
466.502	46.6502
1989.49	26.1775
1918.47	34.2584
801.447	44.5248
1137.6	43.754
1186.84	42.387
1661.41	13.3985
100.08	50.04
1565.77	37.2802
286.923	47.8205
2151.72	30.7389
294.187	49.0311
481.03	48.103
1997.97	30.2722
1927.35	31.0862
791.762	35.9892
880.946	44.0473
1175.94	41.9979
1638.41	13.213
97.6587	48.8294
1654.95	39.4036
1337.36	41.7925
98.8694	49.4347
633.975	45.2839
0	50.04
0	50.04
100.08	50.04
197.739	49.4347
1949.54	15.7221
1997.97	38.4225
389.424	48.678
1972.95	31.8217
1563.35	39.0837
0	50.04
384.582	48.0727
97.6587	48.8294
295.397	49.2329
1863.59	35.8382
195.317	48.8294
197.739	49.4347
907.58	45.379
2142.44	23.2874
0	50.04
98.8694	49.4347
575.056	47.9214
195.317	48.8294
1228.8	40.9602
2106.12	24.4898
1043.58	43.4823
1242.12	41.4041
1628.72	13.1348
0	50.04
0	50.04
0	50.04
0	50.04
1519.36	42.2044
