730.423	6.89078
879.735	43.9868
1646.88	13.2813
1626.3	13.1153
1642.04	13.2422
282.887	5.44014
1139.62	35.6131
1830.5	38.1353
1109.76	42.683
527.034	4.25028
1642.44	13.2455
1700.15	13.7109
1701.36	13.7206
1481.02	11.9437
845.837	8.99827
822.028	45.6682
967.709	43.9868
195.317	48.8294
325.664	2.62632
1793.37	33.2105
1666.25	13.4375
1680.78	13.5547
1017.35	8.2044
751.811	6.16238
994.343	45.1974
1586.35	39.6587
1096.44	42.1708
650.924	7.23248
902.738	45.1369
1626.3	13.1153
1626.3	13.1153
1675.94	13.5156
519.77	4.99779
1041.15	43.3815
197.739	49.4347
812.343	45.1302
962.866	43.7667
26.2306	0.211537
1041.15	43.3815
1291.35	40.3548
1905.96	17.0175
196.528	49.132
902.738	45.1369
1346.64	37.4067
1949.54	37.4912
796.605	39.8302
1767.95	38.4336
1010.08	8.14582
1655.36	13.3496
288.537	2.32691
1580.3	12.7443
1671.09	13.4766
1434.61	11.5695
100.08	50.04
1513.31	12.4042
2004.42	34.559
2495.14	23.1031
661.819	47.2728
1723.96	35.9158
1397.49	11.2701
2191.67	17.6748
104.923	0.84615
1646.88	13.2813
1645.67	13.2715
1563.35	12.6076
296.608	49.4347
1428.56	16.2337
467.713	46.7713
2307.49	29.5832
100.08	50.04
1058.1	44.0877
663.03	47.3593
1233.65	41.1216
365.211	3.38159
1333.73	41.679
559.318	46.6098
1725.98	14.1473
100.08	50.04
1065.37	44.3903
1084.74	45.1974
100.08	50.04
1100.07	42.3105
813.554	45.1974
1417.26	44.2894
1238.89	44.2462
1180.78	42.1708
1642.44	13.4626
198.949	49.7373
900.316	45.0158
1012.1	42.1708
1450.35	40.2876
197.739	49.4347
487.083	48.7083
1306.69	11.2646
2495.95	20.4586
912.423	7.35825
1602.49	12.9233
1631.14	13.1544
1602.49	12.9233
388.214	48.5267
1205.4	13.1022
984.658	44.7572
2117.42	22.0564
0	50.04
470.134	47.0134
1489.9	12.4158
2438.64	27.7119
1096.44	8.84227
1639.62	13.2227
1626.3	13.1153
1626.3	13.1153
195.317	48.8294
1418.47	13.9066
470.134	47.0134
2412.82	25.1335
98.8694	49.4347
841.398	46.7444
724.369	45.2731
2024.6	38.9347
556.897	46.4081
1168.68	41.7384
285.712	47.6187
1987.48	27.6038
100.08	50.04
479.819	47.9819
814.764	45.2647
0	50.04
1251.81	36.8179
1367.63	42.7383
1286.92	42.8972
791.762	43.9868
1617.83	40.4456
1639.62	13.2227
198.949	49.7373
1541.55	36.7037
579.899	48.3249
1997.97	31.2183
97.6587	48.8294
383.371	47.9214
2182.39	19.4856
1729.61	14.1771
1302.25	10.8521
1962.05	30.6571
1853.09	33.091
1661.41	13.3985
97.6587	48.8294
2162.62	25.1467
556.897	46.4081
2315.96	32.1662
675.136	48.224
643.66	45.9757
2202.97	32.3966
1938.24	17.0021
1475.78	17.1602
2300.63	28.0565
2163.83	28.4714
1635.99	13.1934
97.6587	48.8294
2158.18	18.9314
373.686	46.7107
1813.95	34.8837
0	50.04
575.056	47.9214
879.735	43.9868
1966.89	35.1231
1979.81	43.0393
2348.65	39.1442
2504.42	40.3939
2204.99	17.7822
0	50.04
786.919	35.7691
729.212	45.5757
100.08	50.04
1180.78	39.3594
630.343	45.0245
1621.05	38.5965
1180.78	42.1708
1364.8	40.1412
1645.67	13.2715
100.08	50.04
1427.75	39.6598
814.764	45.2647
1815.97	37.8327
100.08	50.04
479.819	47.9819
2193.69	32.2601
1311.94	40.998
1273.2	35.3665
1370.85	40.3192
1874.89	33.4801
1618.23	13.0502
581.11	48.4258
2225.57	34.7745
1284.49	42.8165
2574.24	29.2527
196.528	49.132
567.793	47.316
2301.44	27.3981
1845.83	16.7803
2004.83	37.1265
1870.85	35.9779
1661.41	36.1176
1648.09	13.2911
198.949	49.7373
2241.71	29.4962
286.923	47.8205
2151.32	27.581
97.6587	48.8294
565.371	47.1143
1342.2	37.2834
1704.59	35.5123
1291.35	40.3548
1056.89	44.0372
1291.35	40.3548
1619.44	13.06
198.949	49.7373
1234.86	38.5893
1243.33	41.4444
98.8694	49.4347
1196.52	39.884
1425.33	41.9216
1094.02	39.0721
961.656	43.7116
1256.65	41.8883
1694.5	13.6653
0	50.04
1214.68	43.3815
802.658	44.5921
1313.15	41.0358
0	50.04
477.398	47.7398
1824.04	35.0777
2137.6	31.4352
1439.05	34.2632
1568.19	39.2047
1689.66	38.4013
1677.15	13.5254
294.187	49.0311
1849.46	29.83
195.317	48.8294
2032.27	29.8863
97.6587	48.8294
388.214	48.5267
2053.25	33.117
2160.6	25.1232
812.343	45.1302
2022.99	33.7165
1997.97	34.4477
1605.32	12.9461
296.608	49.4347
2323.63	29.7901
477.398	47.7398
2144.05	35.7342
98.8694	49.4347
824.449	45.8027
791.762	39.5881
1668.67	36.2755
1304.67	36.2409
1103.7	42.4502
1260.28	42.0094
1659.39	13.3822
100.08	50.04
1287.72	40.2413
1347.04	42.0951
389.424	48.678
1132.76	43.5677
1148.1	41.0034
724.369	45.2731
882.157	44.1078
734.055	45.8784
1560.93	12.5881
100.08	50.04
1029.05	42.877
198.949	49.7373
1230.02	41.0005
0	50.04
383.371	47.9214
1409.19	37.084
1666.25	36.2229
1359.96	37.7766
1402.33	41.245
1085.55	41.7517
1618.23	13.0502
98.8694	49.4347
1872.06	30.1945
653.345	46.6675
1993.53	35.5987
0	50.04
288.134	48.0223
2001.6	33.36
2315.16	28.2336
1399.51	36.8291
1940.26	34.6475
1791.35	40.7125
1629.53	13.1414
383.371	47.9214
1491.51	41.431
471.345	47.1345
1441.88	40.0522
100.08	50.04
195.317	48.8294
1222.75	38.211
1619.84	38.5677
1080.7	38.5965
990.711	45.0323
967.709	43.9868
1685.62	13.5937
296.608	49.4347
1007.26	38.7406
1265.12	42.1708
100.08	50.04
1049.63	43.7346
1109.76	42.683
1190.87	45.8027
824.449	45.8027
941.478	47.0739
2101.28	16.9458
97.6587	48.8294
1135.18	40.5422
296.608	49.4347
1126.71	43.3349
100.08	50.04
195.317	48.8294
954.392	39.7663
1487.48	39.1442
1320.81	41.2754
999.186	45.4175
1043.58	43.4823
1671.09	13.4766
196.528	49.132
1487.48	33.8063
197.739	49.4347
1291.35	40.3548
98.8694	49.4347
291.765	48.6276
1491.11	37.2778
1941.07	37.3282
1504.02	34.1824
947.128	43.0513
990.711	45.0323
1577.07	12.7183
285.712	47.6187
1140.02	43.8471
292.976	48.8294
1179.57	42.1276
198.949	49.7373
195.317	48.8294
1715.08	35.7308
1014.52	42.2717
1702.97	38.704
1130.34	43.4746
1305.08	43.5025
1662.62	13.4082
296.608	49.4347
1180.78	42.1708
817.185	45.3992
196.528	49.132
570.214	47.5178
1061.74	44.239
649.713	46.4081
811.132	45.0629
476.187	47.6187
1712.26	13.8085
0	50.04
1396.28	41.067
485.872	48.5872
806.29	44.7939
98.8694	49.4347
482.24	48.224
721.948	45.1218
884.578	44.2289
190.475	47.6187
294.187	49.0311
295.397	49.2329
2012.9	17.3526
0	50.04
1738.49	41.3925
198.949	49.7373
556.897	46.4081
100.08	50.04
294.187	49.0311
1096.44	42.1708
1223.96	40.7987
468.923	46.8923
997.975	45.3625
723.159	45.1974
1649.3	13.3008
197.739	49.4347
1393.05	43.5328
294.187	49.0311
1642.85	39.1154
97.6587	48.8294
97.6587	48.8294
1137.6	43.754
724.369	45.2731
97.6587	48.8294
292.976	48.8294
195.317	48.8294
2383.76	26.4862
0	50.04
566.582	47.2152
632.764	45.1974
0	50.04
666.662	47.6187
0	50.04
0	50.04
0	50.04
198.949	49.7373
1101.28	42.3571
295.397	49.2329
100.08	50.04
666.662	47.6187
1146.88	40.9602
198.949	49.7373
97.6587	48.8294
196.528	49.132
0	50.04
1110.97	42.7296
659.398	47.0999
0	50.04
292.976	48.8294
1268.76	42.2919
0	50.04
393.056	49.132
575.056	47.9214
380.95	47.6187
1311.94	40.998
285.712	47.6187
0	50.04
97.6587	48.8294
1335.34	44.5114
0	50.04
100.08	50.04
0	50.04
0	50.04
1354.31	42.3221
