110	788.937
26	1104.92
124	1679.57
124	1626.3
124	1631.14
52	209.442
36	1297.41
56	2044.38
30	1265.12
120	629.939
124	1660.2
124	1697.73
124	1680.78
124	1474.97
106	761.496
16	741.318
26	1173.92
24	1070.21
124	387.81
70	2126.7
124	1685.62
124	1692.89
124	932.6
122	559.722
14	643.66
42	1631.95
20	935.425
92	448.746
36	1487.88
124	1626.3
124	1626.3
124	1752.21
118	778.041
8	385.792
2	100.08
14	560.529
26	1096.44
124	0
18	813.554
42	1725.17
124	1854.3
4	196.528
10	464.081
40	1582.72
72	2169.48
10	476.187
24	1041.15
118	1161.01
100	2258.26
124	265.938
124	1673.52
124	1651.72
124	1479.81
2	98.8694
116	1491.51
20	879.735
118	2181.99
8	389.424
28	1175.94
122	1213.07
124	1855.11
124	78.6919
124	1654.14
124	1634.77
124	1551.64
0	0
98	1095.23
16	748.582
80	2238.08
4	195.317
22	995.554
16	754.635
28	1149.31
124	380.143
16	723.159
6	292.976
124	1839.37
2	100.08
20	920.897
18	795.394
4	198.949
24	982.237
26	1103.7
22	896.685
28	1195.31
36	1499.99
124	1621.05
6	295.397
14	632.764
28	1226.79
54	2059.31
8	387.003
26	1135.18
124	1320.81
124	1826.06
124	819.203
124	1619.44
124	1627.51
124	1633.97
2	98.8694
78	1332.52
8	382.16
88	2271.57
8	384.582
28	1221.94
116	1202.17
118	2428.96
124	1222.75
124	1635.99
124	1627.51
124	1627.51
2	100.08
102	1625.49
14	650.924
104	2405.15
4	196.528
6	292.976
24	1095.63
42	1577.47
4	195.317
12	560.529
2	97.6587
118	2455.19
0	0
8	380.95
24	1062.95
2	100.08
30	1155.36
20	912.423
44	1576.66
16	720.737
32	1305.88
124	1652.93
2	100.08
40	1538.33
10	464.081
44	1592.81
6	296.608
12	573.846
120	1963.67
124	1736.47
124	1608.54
62	1939.05
66	2142.84
120	1596.84
6	294.187
76	1990.3
16	726.791
86	2296.19
6	289.344
18	808.711
86	2295.79
120	1785.7
76	1496.76
62	1975.37
68	2084.33
124	1696.52
4	198.949
114	2085.54
14	633.975
74	2339.77
2	98.8694
22	1004.03
18	629.132
72	2209.43
30	1315.97
32	1353.1
32	1389.42
124	1925.73
0	0
38	1435.83
26	1133.97
2	98.8694
28	1179.57
20	880.946
42	1404.35
26	1119.44
26	1121.86
124	1658.18
2	98.8694
32	1064.96
12	573.846
54	1872.87
4	196.528
4	197.739
54	1914.03
42	1606.53
48	1797.81
50	1809.51
66	2108.94
124	1638.41
4	198.949
44	1595.23
14	650.924
104	2343.41
8	385.792
6	285.712
54	1835.34
124	1896.27
44	1596.03
76	2345.42
46	1783.68
122	1627.11
4	198.949
54	1809.11
8	382.16
70	2013.71
0	0
10	481.03
30	1239.7
52	1862.38
40	1365.61
18	791.762
42	1652.53
120	1624.69
0	0
26	1119.44
30	1260.28
0	0
24	1061.74
32	1343.41
36	1495.15
18	792.973
24	1016.94
124	1569.8
4	198.949
30	1156.57
14	633.975
44	1773.19
4	198.949
8	380.95
56	1876.5
40	1564.56
34	1302.25
48	1780.86
48	1713.06
124	1679.57
2	100.08
42	1491.92
16	760.689
78	2248.17
12	482.24
6	286.923
56	1775.21
76	2185.62
40	1605.72
58	2006.44
64	2209.83
124	1598.05
4	198.949
72	1859.55
12	575.056
76	2174.72
2	100.08
6	295.397
28	1183.2
60	2050.83
42	1732.43
44	1687.24
10	476.187
124	1660.2
0	0
32	1296.2
32	1313.15
0	0
30	1083.12
24	1050.84
24	1055.68
28	1203.78
18	806.29
124	1698.94
0	0
28	1179.57
6	294.187
16	728.001
2	98.8694
14	658.187
42	1540.34
46	1753.42
42	1642.85
46	1815.16
54	2050.83
122	1538.33
4	198.949
50	1730.01
10	473.766
46	1709.83
8	387.003
16	741.318
54	1783.68
72	2033.88
50	1746.96
48	1784.49
24	1012.1
122	1587.16
0	0
46	1645.27
16	741.318
50	1895.47
4	195.317
10	473.766
36	1430.18
36	1449.14
38	1489.09
26	1097.65
34	1391.43
124	1669.88
2	100.08
36	1409.59
32	1337.36
4	198.949
16	707.42
32	1333.73
12	559.318
14	650.924
16	743.74
124	1781.26
0	0
26	1108.55
2	97.6587
30	1307.5
2	100.08
4	195.317
38	1491.51
36	1441.88
18	799.026
22	970.13
20	931.793
124	1712.66
0	0
28	1148.1
6	292.976
48	1852.29
2	98.8694
10	476.187
40	1250.19
36	1410.4
32	1207.01
34	1478.6
22	987.079
124	1664.23
0	0
20	878.525
4	196.528
34	1428.96
2	98.8694
2	100.08
30	1231.23
32	1298.62
18	713.474
14	652.134
18	791.762
124	1769.16
4	198.949
28	1109.76
22	966.498
2	100.08
28	1094.02
16	735.265
10	371.265
20	917.265
28	1212.26
124	1675.94
0	0
26	1097.65
4	196.528
22	1000.4
0	0
0	0
32	1362.78
18	830.503
14	659.398
10	468.923
24	1060.53
124	1880.54
2	97.6587
18	829.292
2	98.8694
24	1071.42
6	289.344
6	290.555
26	1142.45
28	1148.1
12	371.265
24	1073.84
10	476.187
124	1627.51
0	0
26	878.525
6	292.976
34	1352.69
6	296.608
2	100.08
20	897.895
10	476.187
2	100.08
6	289.344
6	296.608
108	2322.02
0	0
14	653.345
20	924.529
0	0
18	817.185
0	0
0	0
0	0
2	98.8694
18	792.973
6	292.976
2	98.8694
4	195.317
24	1053.26
0	0
0	0
2	98.8694
2	100.08
24	1071.42
10	476.187
2	98.8694
14	649.713
40	1575.45
0	0
4	195.317
6	291.765
6	292.976
34	1409.59
16	741.318
2	100.08
8	384.582
20	899.106
0	0
0	0
0	0
2	97.6587
8	389.424
