12	561.739
22	1027.03
10	488.294
60	1905.56
124	1941.07
18	834.135
42	1673.11
38	1503.22
28	1231.63
34	1451.97
46	1776.42
48	1801.44
88	2678.35
124	1726.78
34	1302.65
14	653.345
64	2178.35
28	1217.1
12	566.582
56	2072.22
74	2497.16
30	1308.71
122	2233.24
20	919.687
18	830.503
48	1788.12
46	1774
12	576.267
32	1309.51
46	1662.62
12	579.899
104	2242.92
14	648.502
20	934.215
10	485.872
28	1218.31
14	664.241
20	912.423
10	488.294
50	1860.36
120	2207.01
20	933.004
12	565.371
54	1951.56
76	2473.75
6	292.976
10	476.187
64	2203.78
102	2340.18
8	389.424
34	1382.96
72	2302.65
84	1738.49
6	292.976
46	1801.84
44	1681.18
82	2341.79
16	766.742
42	1699.75
60	2074.24
86	2663.02
20	884.578
76	2334.53
32	1353.1
124	1717.1
12	582.32
38	1468.11
22	972.552
86	2424.52
6	292.976
34	1341.8
28	1257.05
74	2005.64
10	482.24
70	2447.12
10	483.451
124	2057.69
8	393.056
24	1041.15
12	576.267
10	482.24
12	559.318
24	1053.26
16	747.372
14	659.398
68	2439.05
124	1819.2
16	748.582
22	954.392
30	1257.86
88	2133.56
18	846.241
28	1226.79
62	1945.51
90	2110.15
32	1419.68
64	2343
78	2621.05
124	1666.25
12	582.32
56	2037.52
52	1972.54
90	2309.91
6	286.923
38	1555.28
56	1894.26
82	2274
26	1048.42
80	2403.94
52	1978.6
122	1672.3
14	663.03
68	2206.6
24	1069
62	2077.06
24	1094.42
60	2064.15
28	1217.1
86	2247.76
20	900.316
42	1560.52
12	559.318
124	1890.22
8	393.056
26	1143.66
14	646.081
4	195.317
42	1610.97
28	1208.63
16	735.265
12	556.897
54	1895.87
122	1692.48
8	393.056
30	1319.6
56	1940.26
98	2298.61
20	946.321
34	1451.97
80	2466.49
124	2152.93
18	819.607
40	1517.34
56	2132.75
124	1679.57
6	294.187
50	1965.68
42	1686.43
86	2232.03
8	389.424
44	1636.39
58	1963.26
102	2412.82
24	1064.16
64	2025.81
42	1715.48
124	1693.29
4	198.949
56	1904.34
36	1484.25
118	2546.39
10	481.03
52	1862.38
40	1580.3
120	2191.27
14	664.241
64	2047.6
22	982.237
122	1635.58
12	575.056
26	1132.76
34	1403.54
8	389.424
24	976.184
36	1515.73
28	1241.31
16	738.897
42	1585.95
124	1786.11
6	296.608
34	1405.96
64	2247.36
84	2282.07
18	852.294
32	1373.68
56	2037.11
96	2228.39
40	1449.14
48	1809.91
62	2032.27
118	1690.46
16	755.846
54	2007.25
50	1894.26
110	2315.56
14	675.136
38	1477.79
50	1836.55
106	2326.05
16	765.531
38	1491.11
32	1309.51
124	1832.92
8	384.582
62	2108.54
42	1753.01
104	2361.57
14	675.136
56	1997.16
30	1269.97
78	2301.44
16	752.214
48	1881.34
8	391.845
124	2367.21
2	98.8694
38	1544.38
20	896.685
4	198.949
26	1095.23
30	1289.34
24	979.815
20	931.793
56	1951.16
116	1767.14
12	573.846
22	970.13
44	1684.81
96	2273.59
8	393.056
34	1471.34
80	2355.51
124	1962.86
40	1661.41
66	2445.5
74	2422.1
118	1621.86
10	482.24
74	2316.77
46	1872.06
114	2192.48
6	296.608
54	1998.78
48	1788.12
82	2367.21
24	1096.84
66	2240.9
64	2133.56
124	1629.53
8	384.582
84	2034.69
34	1433.81
112	2523.39
10	487.083
60	2170.69
34	1456.81
106	2237.68
12	556.897
60	2031.46
14	672.715
124	1818.79
12	582.32
34	1415.65
32	1380.94
4	197.739
36	1556.89
32	1356.73
8	385.792
16	753.425
52	1903.54
124	1945.91
18	857.137
42	1727.59
30	1228.8
112	2678.35
8	382.16
38	1480.22
72	2338.97
118	2121.45
22	984.658
66	2289.33
68	2216.29
124	1692.89
24	1117.43
62	2186.02
40	1639.62
104	2227.59
8	384.582
28	1178.36
48	1707.82
98	2452.36
34	1338.57
72	2578.67
36	1530.26
124	1749.79
2	98.8694
82	2507.65
28	1220.73
92	2286.51
12	582.32
64	2052.45
44	1613.79
62	1959.63
22	1007.66
56	2123.07
22	971.341
124	1811.53
6	289.344
16	753.425
30	1325.66
8	390.635
26	1129.13
22	981.026
20	934.215
22	1001.61
54	2047.2
122	2032.27
10	476.187
28	1066.17
48	1895.87
88	2156.56
12	575.056
28	1244.95
74	2060.52
96	2288.52
28	1238.89
56	2143.65
66	2028.23
124	1885.38
26	1167.87
50	1827.67
40	1600.88
124	2473.75
22	1020.98
40	1510.48
58	2056.48
76	2017.34
38	1492.73
70	2367.21
48	1853.5
124	1755.84
12	581.11
66	2062.94
26	1205.4
114	2320.81
16	747.372
66	2261.49
26	1130.34
94	2328.47
16	763.11
64	2035.5
24	1117.43
124	1759.47
10	488.294
36	1464.88
24	1039.94
8	384.582
32	1359.15
26	1178.76
14	632.764
12	575.056
52	1858.74
116	1887.4
2	97.6587
42	1755.44
110	2416.45
104	2365.2
18	840.188
40	1665.04
124	2494.33
124	1808.7
22	868.84
52	1868.43
80	2447.52
122	1688.45
20	934.215
68	2241.71
56	2010.48
124	2115
26	1196.92
44	1717.5
62	2233.64
114	2219.52
16	724.369
54	2007.25
62	2248.98
124	1686.83
12	582.32
88	2231.62
36	1535.1
108	2276.01
22	1008.87
54	1918.87
30	1234.86
90	2203.37
18	842.609
52	1988.28
20	910.002
122	1807.09
10	482.24
26	1118.23
38	1562.54
18	851.084
40	1615.4
10	479.819
16	759.478
124	2123.88
74	2486.26
112	2345.42
124	1665.44
26	1147.29
100	2390.62
124	1688.04
4	195.317
20	879.735
74	1916.85
78	2458.82
124	1724.36
124	1627.51
60	2161
124	1689.66
124	1870.85
10	473.766
80	2202.97
42	1662.22
26	1123.08
124	2324.84
120	1863.99
60	2253.01
124	1677.15
124	1956.81
16	755.846
90	2209.02
8	388.214
12	582.32
56	1936.63
