948.339	8.94659
723.159	45.1974
1649.3	13.3008
1626.3	13.1153
1663.83	13.418
436.639	6.61575
968.92	40.3717
1486.27	39.1123
954.392	43.3815
617.833	4.98252
1615	13.0242
1696.52	13.6816
1674.73	13.5059
1393.05	11.2343
604.919	6.72132
292.976	48.8294
2007.25	37.1713
288.134	48.0223
379.335	3.05916
1391.43	40.9246
1669.88	13.4668
1686.83	13.6035
1105.72	8.91712
678.768	5.47394
296.608	49.4347
1536.71	38.4178
1183.2	42.2573
302.661	3.69099
872.472	43.6236
1626.3	13.1153
1626.3	13.1153
1712.26	13.8085
583.127	4.8594
1014.52	42.2717
197.739	49.4347
1189.26	39.6419
989.501	44.9773
0	0
954.392	43.3815
1208.63	43.1653
1716.29	13.8411
100.08	50.04
1089.58	45.3992
1102.09	32.4144
2064.15	28.6688
387.003	48.3754
1687.24	44.4009
1249.39	10.0757
2122.26	17.115
318.4	2.56774
1641.23	13.2357
1637.2	13.2032
1370.05	11.0488
384.582	48.0727
1398.7	13.449
649.713	46.4081
2091.59	17.1442
554.475	46.2063
1956	34.9286
1273.6	10.271
1702.17	14.1847
52.4613	0.423075
1644.46	13.2618
1626.3	13.1153
1518.15	12.2431
100.08	50.04
1242.53	10.7114
476.187	47.6187
2033.88	28.2484
198.949	49.7373
1274.81	42.4936
659.398	47.0999
1240.91	41.3637
272.395	2.30843
1005.24	45.6927
564.161	47.0134
1820.41	14.9214
100.08	50.04
661.819	47.2728
1029.45	46.7933
0	50.04
1192.49	35.0731
807.5	44.8611
984.658	44.7572
1489.09	41.3637
1162.62	41.5222
1646.48	13.278
195.317	48.8294
649.713	40.6071
1098.86	36.6287
2437.03	31.244
1067.79	41.0688
1126.71	43.3349
1128.72	9.10262
1643.25	13.252
869.243	7.01003
1480.22	11.9372
1626.3	13.1153
1655.36	13.3496
197.739	49.4347
1520.57	17.6811
738.897	46.1811
2204.99	23.4573
195.317	48.8294
380.95	47.6187
1493.53	15.5576
2276.82	28.4602
1418.07	11.6235
1645.67	13.2715
1665.04	13.4277
1584.73	12.7801
198.949	49.7373
1606.53	15.1559
380.95	47.6187
2143.65	21.874
100.08	50.04
476.187	47.6187
382.16	47.77
1332.11	39.1798
895.474	44.7737
1010.08	45.9128
933.004	46.6502
1920.89	15.4911
0	50.04
478.608	47.8608
285.712	47.6187
0	50.04
791.762	43.9868
970.13	44.0968
1625.09	35.328
1135.18	43.6608
1380.54	40.6041
1583.93	12.7736
196.528	49.132
1315.57	38.6932
985.869	44.8122
1718.31	37.3545
195.317	48.8294
560.529	46.7107
1759.87	14.9142
1790.54	14.9212
1344.62	11.7949
2189.25	28.8059
1662.62	36.1439
1651.72	13.3204
100.08	50.04
1976.18	29.0614
556.897	46.4081
2284.89	22.8489
389.424	48.678
1054.47	43.9363
2274	24.1914
2285.7	27.2107
1613.39	17.9265
2100.87	32.8261
2285.29	28.5662
1651.32	13.3171
195.317	48.8294
2029.44	17.4952
471.345	47.1345
2133.16	27.3482
0	50.04
383.371	47.9214
968.92	44.0418
2119.44	28.641
855.523	38.8874
1665.85	39.663
1133.97	43.6143
1566.98	12.6369
98.8694	49.4347
1532.27	40.323
812.343	45.1302
100.08	50.04
954.392	43.3815
1396.68	43.6463
1098.86	42.2639
1194.1	42.6464
1404.75	41.3162
1624.28	13.0991
389.424	48.678
1228.8	36.1413
388.214	48.5267
1508.06	39.6858
195.317	48.8294
286.923	47.8205
1909.19	29.8311
1757.05	38.1967
2054.46	36.6869
1520.17	40.0044
1464.48	38.5389
1610.97	12.9917
100.08	50.04
1903.13	38.0627
1076.26	44.8443
2080.29	16.7765
389.424	48.678
1041.15	43.3815
2549.22	24.5117
1749.79	14.1112
1494.74	39.3353
1886.99	33.6963
1977.79	35.3177
1664.23	13.4212
195.317	48.8294
1776.82	32.9041
380.95	47.6187
2200.95	30.5688
198.949	49.7373
286.923	47.8205
1664.23	36.179
1541.55	38.5389
1018.15	39.1597
1615.4	40.3851
1580.7	41.5973
1650.92	13.3138
100.08	50.04
1220.33	38.1353
1041.15	43.3815
0	50.04
932.6	38.8583
725.58	45.3488
724.369	45.2731
1208.63	43.1653
949.549	43.1613
1652.93	13.3301
100.08	50.04
1708.62	35.5963
97.6587	48.8294
1178.36	42.0843
296.608	49.4347
485.872	48.5872
1674.32	32.1985
1663.83	36.1702
1146.88	38.2295
1687.24	38.3463
1920.89	34.3016
1576.66	12.9235
292.976	48.8294
1840.18	38.3371
286.923	47.8205
2003.21	29.459
0	50.04
385.792	48.224
1998.78	33.3129
2313.14	28.9142
1537.92	36.6172
1972.54	30.821
2090.78	31.6785
1582.31	12.7606
98.8694	49.4347
2116.21	27.8448
380.95	47.6187
1984.25	30.0644
98.8694	49.4347
380.95	47.6187
1092.81	39.0289
2024.6	31.6344
1179.17	34.6814
1186.84	42.387
1052.05	43.8354
1658.99	13.3789
0	50.04
1049.63	40.3704
1020.57	42.5239
100.08	50.04
867.629	43.3815
1313.15	41.0358
1569.8	37.3763
880.946	44.0473
831.713	46.2063
1574.65	12.9069
98.8694	49.4347
879.735	43.9868
286.923	47.8205
1687.64	40.1819
393.056	49.132
296.608	49.4347
1355.12	37.6421
1673.52	36.3808
1783.28	34.2939
1195.31	42.6897
1211.05	43.2517
1681.59	13.5612
479.819	47.9819
1913.63	31.8938
285.712	47.6187
1588.37	37.8182
97.6587	48.8294
195.317	48.8294
1891.43	35.0265
2243.73	27.3625
1776.02	37.0003
1655.76	37.6309
1484.25	41.2292
1600.47	12.907
100.08	50.04
1387.4	36.5105
382.16	47.77
1938.24	35.8934
294.187	49.0311
97.6587	48.8294
1546.8	40.7053
1887.4	34.9518
794.183	44.1213
979.815	44.5371
1615.4	40.3851
1615.81	13.0307
100.08	50.04
1464.48	38.5389
1362.78	42.587
98.8694	49.4347
903.948	45.1974
1101.28	42.3571
748.582	46.7864
823.239	45.7355
886.999	44.35
1707.41	13.7695
100.08	50.04
824.449	45.8027
98.8694	49.4347
1163.03	44.7318
295.397	49.2329
100.08	50.04
1255.44	39.2325
1437.04	39.9177
954.392	39.7663
954.392	43.3815
826.871	45.9373
1577.87	12.7248
198.949	49.7373
1112.18	39.7207
388.214	48.5267
1688.45	38.3738
100.08	50.04
646.081	46.1486
1483.44	33.7146
1477.79	38.8893
724.369	45.2731
1189.26	42.4735
1058.1	44.0877
1738.89	14.0233
0	50.04
1288.13	42.9375
390.635	48.8294
1390.22	40.8889
100.08	50.04
195.317	48.8294
1067.79	41.0688
1181.99	42.214
842.609	46.8116
650.924	46.4945
900.316	45.0158
1818.79	14.6677
100.08	50.04
1195.31	42.6897
970.13	44.0968
0	50.04
814.764	45.2647
1457.62	40.4894
380.95	38.095
195.317	48.8294
285.712	47.6187
2366	26.8864
195.317	48.8294
893.053	44.6526
296.608	49.4347
1150.52	41.0899
0	50.04
97.6587	48.8294
791.762	39.5881
1296.6	43.22
1181.19	42.1852
559.318	46.6098
820.817	45.601
1786.11	14.4041
100.08	50.04
1167.47	41.6952
388.214	48.5267
1013.31	42.2213
0	50.04
195.317	48.8294
1543.57	42.877
1146.88	40.9602
371.265	30.9387
476.187	47.6187
479.819	47.9819
1635.58	13.6298
198.949	49.7373
905.159	45.258
195.317	48.8294
1262.7	42.0901
0	50.04
97.6587	48.8294
1129.13	43.428
572.635	47.7196
292.976	48.8294
483.451	48.3451
285.712	47.6187
1979.4	17.3632
100.08	50.04
1094.42	45.601
726.791	45.4244
0	50.04
1096.84	45.7019
0	50.04
0	50.04
0	50.04
198.949	49.7373
1313.55	43.785
393.056	49.132
100.08	50.04
286.923	47.8205
559.318	46.6098
0	50.04
197.739	49.4347
292.976	48.8294
196.528	49.132
1606.93	40.1732
195.317	48.8294
100.08	50.04
382.16	47.77
1456.41	40.4557
0	50.04
483.451	48.3451
97.6587	48.8294
100.08	50.04
1510.48	39.7495
387.003	48.3754
0	50.04
295.397	49.2329
967.709	43.9868
0	50.04
0	50.04
0	50.04
0	50.04
822.028	45.6682
