1112.58	8.97244
0	50.04
1108.95	8.94315
1559.31	12.5751
1348.66	10.8763
78.6919	0.634612
860.365	6.93843
1444.7	11.6508
445.921	3.59614
1031.87	8.32156
1493.53	12.0446
1669.08	13.4603
1530.66	12.344
1108.14	8.93664
265.938	2.14466
1178.36	9.50291
1310.73	10.5704
1119.85	9.03102
956.41	7.71298
906.37	7.30943
1455.2	11.7354
1616.61	13.0372
1284.49	10.3588
843.013	6.79849
975.78	7.86919
1054.07	8.50055
836.152	6.74316
642.853	5.1843
1164.24	9.38901
1502.01	12.113
1626.3	13.1153
1303.86	10.515
922.108	8.53804
795.394	44.1885
100.08	50.04
807.097	11.2097
800.236	44.4576
81.1132	0.654139
1627.51	13.1251
1131.55	9.1254
1600.07	12.9038
419.69	3.3846
972.955	7.84641
958.024	7.726
1643.25	13.252
419.69	3.3846
1344.22	10.8405
1460.44	11.7778
1679.57	13.5449
78.6919	0.634612
1531.87	12.3538
1250.6	10.0855
1284.9	10.3621
237.286	1.9136
1203.78	9.70794
1575.86	12.7085
1278.84	10.3133
183.615	1.48076
1362.38	10.9869
1330.1	10.7266
1184.41	9.55173
131.153	1.05769
1241.31	10.0106
1171.1	9.44433
1240.51	10.0041
472.152	3.80767
924.126	7.45263
1428.56	11.5207
1417.67	11.4328
184.825	1.49053
1153.34	9.30114
1202.17	9.69492
1643.25	13.252
26.2306	0.211537
1260.69	10.1668
1667.46	13.4473
1254.63	10.118
98.8694	49.4347
1274.81	10.2807
1634.77	40.8694
195.317	48.8294
560.529	46.7107
905.159	45.258
1048.82	11.9184
1209.84	43.2085
1330.1	41.5655
1607.74	12.9656
189.264	15.772
1120.65	43.1021
632.764	45.1974
2779.64	27.2514
725.176	8.24064
1836.95	35.326
1144.06	9.22629
1863.18	15.5265
314.768	2.53845
1649.3	13.3008
1501.6	12.1097
1483.44	11.9633
435.429	3.51152
1323.64	10.6745
1465.28	11.8168
1666.25	13.4375
397.092	3.20235
1310.73	10.5704
1518.55	12.2464
1484.65	11.973
315.978	2.54821
1073.44	8.65676
1458.83	11.7647
1323.64	10.6745
747.775	6.1293
813.15	6.55766
1635.99	13.1934
1626.3	13.1153
515.735	18.4191
1539.13	12.4124
1608.14	13.6283
2106.52	17.2666
499.593	4.02898
1627.51	13.1251
1626.3	13.1153
1626.3	13.1153
0	50.04
1216.7	14.8378
1410.4	39.1778
100.08	50.04
792.973	39.6486
1185.63	42.3438
1180.78	42.1708
978.605	44.482
1752.61	39.8321
1563.35	12.6076
292.976	48.8294
1148.1	38.2698
791.762	43.9868
2252.61	26.1931
997.975	45.3625
1567.79	43.5496
1316.78	10.6192
1657.78	13.3692
1199.75	9.6754
1589.58	12.8192
1643.25	13.252
1474.97	11.8949
624.693	5.78419
1523.8	12.9135
1686.83	15.6188
1464.48	38.5389
1045.59	8.43221
1673.52	13.4961
1451.16	11.7029
1635.99	13.1934
585.549	4.72217
1470.13	11.8559
1639.62	13.2227
1604.91	12.9428
467.713	38.976
1415.65	11.4165
1441.07	31.3276
2096.84	19.4152
1285.3	40.1657
1797	14.4919
1600.47	12.907
1628.72	13.1348
1405.96	14.6454
1866.41	26.663
1483.04	41.1956
1729.61	13.9485
296.608	49.4347
1435.83	39.884
1291.35	40.3548
100.08	50.04
1483.85	37.0962
970.13	44.0968
1578.68	35.8791
1346.64	39.6071
2044.38	36.5067
1746.15	14.0819
100.08	50.04
1625.09	32.5018
901.527	45.0764
1565.77	39.1442
198.949	49.7373
294.187	49.0311
1592.4	13.0525
2309.1	28.1598
1591.59	12.8354
1640.02	13.4428
1627.51	13.1251
1626.3	13.1153
488.294	48.8294
1629.53	13.3568
3090.78	31.5385
1785.3	14.6336
421.708	16.2195
1098.86	42.2639
2085.13	20.8513
2086.75	17.1045
1423.32	13.6857
2067.38	27.9375
2097.24	20.9724
1628.32	13.1316
292.976	48.8294
1879.73	15.1591
2020.57	33.6761
1734.05	13.9843
97.6587	24.4147
1591.59	39.7899
1631.14	33.9821
2363.58	26.8589
1980.62	30.9471
2077.06	17.0251
1882.15	33.6098
1709.83	13.789
391.845	48.9807
1654.14	34.4614
1861.97	34.481
195.317	48.8294
1956.81	36.2372
1171.1	41.8249
1479	35.2144
1279.25	39.9765
1414.03	39.2787
1667.87	13.4505
97.6587	48.8294
1958.42	28.8003
291.765	48.6276
2238.89	27.3035
197.739	49.4347
853.505	47.4169
1836.55	32.7955
2088.36	23.204
1889.01	21.9652
1996.76	31.1993
1966.49	33.905
1654.14	13.3399
393.056	49.132
2201.36	25.0154
1254.23	41.8076
2131.14	18.0605
380.95	47.6187
1819.6	33.6963
1888.61	20.5283
2082.31	34.7052
1310.73	38.5507
2434.61	21.3562
2209.83	34.5286
1600.47	12.907
0	50.04
1822.02	24.6219
466.502	46.6502
2116.21	19.5945
98.8694	49.4347
741.318	46.3324
1808.7	36.1741
1980.21	16.2312
1766.73	33.9757
1943.09	35.9831
1614.19	40.3548
1650.51	13.3106
0	50.04
1916.45	33.0423
1884.17	32.4856
0	50.04
1628.32	37.0072
1333.73	41.679
1542.77	35.0629
1837.36	36.7471
1130.34	43.4746
1666.25	13.4375
196.528	49.132
1522.99	33.1085
285.712	47.6187
2162.62	33.7909
100.08	50.04
476.187	47.6187
1592.81	34.6262
2013.71	34.7191
1585.54	30.4912
1894.26	37.8851
1554.87	38.8718
1650.11	13.5255
572.635	47.7196
1711.85	29.5147
649.713	46.4081
1761.89	14.9313
387.003	48.3754
989.501	44.9773
2702.56	32.9581
2598.85	28.2484
1181.19	45.4302
2108.54	31.0079
1213.07	40.4355
1695.71	13.6751
100.08	50.04
1833.72	33.9578
570.214	47.5178
2117.01	24.6165
97.6587	48.8294
387.003	48.3754
1466.9	38.6026
1961.65	30.6508
1731.22	34.6245
1630.34	37.0531
1100.07	42.3105
1633.16	13.1706
98.8694	49.4347
1881.34	34.8397
2068.59	30.4204
0	50.04
1483.85	39.0486
1292.97	43.099
937.443	39.0601
1537.12	40.4504
1551.64	40.8327
1638.81	13.2162
0	50.04
1468.11	36.7027
98.8694	49.4347
1615	38.4524
198.949	49.7373
197.739	49.4347
1245.35	34.5931
2063.34	32.2397
928.161	42.1891
1102.49	42.4036
1075.05	44.7939
1790.14	14.4366
100.08	50.04
1512.9	39.8132
382.16	47.77
1293.78	40.4305
294.187	49.0311
484.662	48.4662
1778.84	30.6697
1722.34	34.4469
1451.56	40.3212
1370.85	40.3192
1661.41	41.5352
1692.89	13.6523
388.214	48.5267
1168.68	41.7384
388.214	48.5267
2089.57	29.0219
97.6587	48.8294
292.976	48.8294
1870.04	37.4009
2024.2	30.6697
1387.8	40.8177
1661.01	39.5477
1763.1	38.3283
1658.99	13.3789
98.8694	49.4347
1851.08	33.0549
1781.26	38.7231
0	50.04
794.183	44.1213
752.214	47.0134
636.396	45.4568
564.161	47.0134
1088.37	45.3487
1717.5	14.0779
100.08	50.04
1243.33	41.4444
195.317	48.8294
1228.8	40.9602
100.08	50.04
675.136	48.224
1836.55	38.2614
1310.73	40.9602
1330.1	39.1205
861.576	43.0788
981.026	44.5921
1678.36	13.5351
98.8694	49.4347
1414.03	39.2787
393.056	49.132
1502.41	41.7336
100.08	50.04
385.792	48.224
1451.56	40.3212
1471.74	38.73
1602.09	40.0522
637.606	45.5433
1392.65	40.9602
1662.62	13.4082
0	50.04
1641.63	37.3099
288.134	48.0223
1633.16	38.8848
0	50.04
289.344	48.224
1409.19	39.1442
1731.22	36.0671
1075.86	38.4236
382.16	47.77
1054.47	43.9363
2251.4	30.4243
197.739	49.4347
794.183	44.1213
1665.04	36.1965
0	50.04
472.555	47.2555
0	50.04
0	50.04
0	50.04
292.976	48.8294
2605.71	24.5822
100.08	50.04
97.6587	48.8294
1409.19	39.1442
1168.68	41.7384
0	50.04
559.318	46.6098
195.317	48.8294
195.317	48.8294
1464.48	38.5389
637.606	45.5433
296.608	49.4347
901.527	45.0764
1654.95	39.4036
0	50.04
0	50.04
196.528	49.132
100.08	50.04
1792.97	33.2031
1096.44	42.1708
195.317	48.8294
1158.18	44.5455
1989.49	16.0443
0	50.04
198.949	49.7373
0	50.04
98.8694	49.4347
1517.75	39.9407
