122	6.80078
12	45.2983
124	13.1153
124	13.1153
124	13.4082
90	4.12068
34	42.064
32	41.452
36	40.3548
124	5.38607
124	13.278
124	13.4505
124	13.3496
124	10.6778
72	6.39512
24	44.239
24	42.2717
28	44.1165
124	3.30975
36	39.8168
124	13.213
124	13.457
124	9.78279
118	5.31453
24	43.8354
34	40.9602
28	43.4247
76	5.09214
26	44.0799
122	13.1153
124	13.1153
124	13.8085
120	5.64968
22	43.9868
2	50.04
30	43.0586
20	44.0473
122	0.430011
14	45.1974
28	42.2573
122	15.1628
0	50.04
28	44.6353
56	31.1813
64	32.7316
26	37.173
38	39.2079
124	8.51031
122	12.9896
124	1.73135
124	13.3204
124	13.4082
124	12.536
6	48.6276
102	13.5743
20	44.5316
40	37.9335
4	49.7373
12	46.4081
108	13.0294
80	26.4022
124	1.05769
124	13.1544
124	13.3985
124	11.2147
8	48.3754
124	7.07837
28	43.7274
82	25.2956
2	49.4347
22	44.5921
10	47.6187
28	42.2573
110	4.56743
32	41.4142
16	45.1974
124	13.7402
8	48.8294
24	43.8859
14	46.0622
0	50.04
32	38.4758
26	43.7074
24	39.0097
34	40.8177
44	39.3918
124	13.4668
2	49.4347
30	42.0497
24	41.0274
70	29.044
26	33.4169
20	44.8948
124	10.7819
124	14.6872
124	9.55173
124	13.0893
124	13.1544
124	12.7313
0	50.04
110	18.5706
16	47.2404
100	22.7642
6	48.8294
28	43.7706
118	12.8452
64	30.6129
124	10.8372
124	13.2032
124	13.3008
124	13.1544
0	50.04
110	15.4596
18	45.1974
76	28.9174
4	49.132
18	45.3319
22	36.7046
24	42.5744
20	44.1078
24	44.8443
18	45.2647
124	13.0405
2	48.8294
12	46.509
14	46.754
2	48.8294
12	46.509
30	42.9779
22	39.4377
18	44.7266
22	43.6566
124	13.9061
4	49.7373
42	39.3171
28	39.1586
66	32.4673
14	47.4458
30	43.9061
122	12.8904
124	13.3594
92	17.6947
72	29.6496
58	35.7627
124	12.868
0	50.04
78	26.9653
22	45.4175
114	15.5897
2	50.04
30	43.3007
96	21.5478
74	28.8537
108	17.2891
48	37.4796
76	27.7386
124	13.5059
8	49.132
110	18.2074
8	47.6187
110	18.7063
2	49.4347
6	47.6187
28	39.8936
48	37.2526
24	32.9396
22	44.0418
12	46.6098
124	14.5896
0	50.04
24	45.6514
20	44.5316
0	50.04
24	43.2301
30	42.6147
28	43.1653
14	45.3704
28	41.8681
114	14.4959
2	49.4347
14	45.5433
20	44.4105
44	36.9705
0	50.04
10	47.8608
50	36.9166
74	29.2627
46	34.1612
48	34.9826
56	35.7284
124	12.5425
2	49.4347
54	33.9578
16	45.9541
90	26.5669
2	48.8294
24	43.6337
80	25.933
64	32.1073
64	33.1351
66	30.3945
44	37.3282
124	13.2813
4	48.8294
38	35.0238
20	46.4686
86	28.2062
6	48.8294
14	47.9646
38	38.5176
58	34.0511
24	36.0503
26	41.1464
40	40.4154
122	13.5519
0	50.04
20	46.0449
22	44.0418
6	49.4347
14	46.3216
32	42.0951
24	45.5001
36	40.5902
32	44.5164
124	15.4032
0	50.04
26	42.7296
8	48.9807
38	38.1566
0	50.04
12	47.6187
32	37.8327
58	32.423
48	36.0755
46	39.5653
48	37.0508
124	12.7313
0	50.04
62	29.2377
6	48.8294
68	29.9931
2	49.4347
10	48.224
82	26.6785
86	26.2213
38	37.976
60	31.8803
64	31.9938
124	12.9754
4	49.132
78	26.986
14	46.0622
50	36.8682
6	48.4258
8	47.77
28	41.0466
42	38.4524
36	40.8929
36	43.5832
30	42.5744
124	13.0047
2	50.04
28	42.2573
26	43.1486
0	50.04
30	42.3322
22	43.2714
14	39.8648
32	42.6248
20	45.5606
124	13.418
0	50.04
30	39.0366
4	49.132
42	41.8826
2	50.04
6	48.8294
60	34.389
36	39.8504
20	39.7697
40	40.0522
28	42.387
124	13.0991
0	50.04
48	33.36
6	48.224
48	38.0092
4	48.8294
16	46.9377
46	34.7403
66	30.6697
36	35.4338
32	40.9602
34	39.251
124	13.3399
2	50.04
48	34.6211
8	48.678
54	34.2344
2	50.04
10	48.3451
24	35.5459
34	40.9246
32	41.7925
20	45.0158
18	44.3231
124	13.3887
2	49.4347
30	39.0769
28	41.2628
0	50.04
30	43.6236
26	42.1708
8	47.6187
8	47.6187
2	48.8294
68	32.6993
2	49.4347
22	43.2164
6	49.4347
18	45.1974
2	49.4347
10	46.8923
26	42.4967
30	41.0005
30	36.8305
16	45.2731
18	45.2647
124	13.5351
0	50.04
20	39.6486
4	48.8294
54	34.1223
2	50.04
6	49.2329
34	39.3697
58	35.8045
20	39.8908
24	43.9868
26	43.8936
124	13.4277
2	50.04
30	36.5077
4	48.8294
44	36.6404
0	50.04
2	49.4347
36	39.5253
56	34.7772
34	39.4765
12	47.5178
10	47.6187
124	13.5156
0	50.04
18	43.9868
38	41.6929
0	50.04
18	46.0718
20	46.1659
26	45.7562
36	43.6841
32	44.4786
124	14.4724
0	50.04
26	42.3105
6	48.8294
8	47.6187
0	50.04
6	48.4258
24	45.9541
30	42.1708
4	24.4147
6	48.224
4	49.7373
82	31.3488
0	50.04
22	43.9868
10	47.9819
36	40.0858
2	49.4347
4	49.132
20	45.6817
40	39.1442
8	23.8094
8	47.6187
4	49.7373
104	25.5477
6	49.4347
14	45.1974
6	48.4258
28	42.6897
0	50.04
8	48.9807
18	46.0718
26	41.5655
8	48.5267
12	47.8205
4	49.132
124	15.2047
2	49.4347
16	46.3324
6	48.8294
0	50.04
6	49.0311
0	50.04
0	50.04
0	50.04
2	50.04
24	43.6841
2	49.4347
4	48.8294
6	48.8294
28	43.5976
0	50.04
12	47.0134
4	49.4347
2	50.04
26	42.1708
8	48.224
10	48.7083
10	48.224
26	42.4502
2	50.04
4	49.7373
8	48.9807
0	50.04
26	42.3571
14	46.2351
2	50.04
10	47.3766
36	40.523
0	50.04
0	50.04
0	50.04
2	50.04
16	45.5757
