1402.33	11.3091
98.8694	49.4347
1389.01	11.2017
1294.99	10.4434
1533.48	12.3668
52.4613	0.423075
782.48	6.31033
1363.19	10.9934
367.229	2.96152
954.392	7.69671
1467.71	11.8363
1646.07	13.2748
1386.59	11.1822
1067.39	8.60795
348.262	2.80857
1096.04	8.83901
1012.5	8.16535
852.698	6.87659
865.611	6.98074
1018.56	8.21416
1548.82	12.4905
1410	11.371
1248.58	10.0692
947.935	7.64464
1150.92	9.28161
950.356	7.66416
1071.02	8.63724
634.378	5.11595
1223.56	9.86741
1264.32	10.1961
1713.47	13.8183
1544.78	12.4579
947.532	8.77344
962.866	43.7667
0	50.04
868.033	18.8703
1127.92	43.3815
104.923	0.84615
1600.07	13.1153
1476.18	11.9047
1623.07	13.0893
419.69	3.3846
1162.62	9.37599
1131.55	9.1254
1628.72	13.1348
367.229	2.96152
1320.01	10.6452
1445.51	11.6573
1652.13	13.3236
26.2306	0.211537
1455.6	11.7387
1183.2	9.54197
1239.3	9.99433
211.056	1.70206
1082.72	8.73162
1556.49	12.5523
1248.58	10.0692
104.923	0.84615
1449.14	11.6866
1428.96	11.5239
987.483	7.96357
183.615	1.48076
1104.11	8.9041
1272.39	10.2612
1399.1	11.2831
476.994	3.84673
765.531	6.17364
1292.57	10.4239
1595.63	12.868
428.165	3.45294
1168.68	9.42481
1093.62	8.81948
1612.18	13.0014
52.4613	0.423075
1361.98	10.9837
1657.78	13.3692
1371.26	11.0585
482.24	48.224
993.133	10.3451
1507.25	41.8681
0	50.04
642.449	40.1531
729.212	45.5757
1299.43	16.2428
1081.11	45.0461
1652.93	41.3234
1709.03	13.7825
98.8694	24.7173
815.975	45.3319
1244.54	36.6042
2033.48	17.53
698.139	8.9505
2058.1	38.1129
1062.95	8.71268
1672.3	13.4863
262.306	2.11537
1565.77	12.6272
1536.71	12.3928
1288.93	10.3946
399.513	3.22188
1290.14	10.4044
1408.38	11.3579
1656.57	13.3594
289.748	2.33668
1180.38	9.51919
1475.37	11.8982
1518.15	12.2431
559.318	4.51063
1355.52	10.9316
1493.13	12.0414
1451.16	11.7029
769.97	6.31123
1030.26	8.30854
1603.7	12.9331
1645.67	13.2715
432.604	16.6386
1549.22	12.4937
1388.21	11.5684
1774	14.3064
578.285	4.66359
1631.14	13.1544
1626.3	13.1153
1613.39	13.0112
100.08	50.04
1330.1	12.3157
1655.76	37.6309
100.08	50.04
896.685	37.3619
1052.05	43.8354
1019.36	42.4735
791.762	43.9868
1298.62	40.5818
1666.65	13.4408
197.739	49.4347
1602.89	36.4294
797.815	39.8908
2258.26	25.662
464.081	38.6734
973.762	44.2619
1251	10.0887
1673.52	13.4961
1159.39	9.34996
1559.71	12.5783
1653.34	13.5519
1313.95	10.5964
393.863	4.68885
1454.39	13.9845
1402.73	22.6247
2541.95	27.6299
759.882	6.12808
1672.3	13.4863
1470.53	11.8591
1633.56	13.1739
803.868	6.48281
1427.35	11.5109
1656.57	13.3594
1578.68	12.7313
290.555	36.3194
1348.66	11.0546
2986.26	24.4775
1947.93	16.2327
292.976	48.8294
1816.77	36.3355
1882.15	33.6098
2429.76	22.4978
1277.63	10.4724
2555.27	23.2297
1251.81	41.7269
1544.38	12.4547
100.08	50.04
1455.2	40.4221
1993.93	36.9247
0	50.04
1537.52	32.0317
632.764	45.1974
2375.69	37.1201
1246.16	44.5056
1949.14	36.0952
1702.57	13.7304
295.397	49.2329
1310.32	32.758
929.372	46.4686
2274.8	34.4667
295.397	49.2329
389.424	48.678
1541.96	17.1329
2575.45	29.2664
1388.61	11.382
1661.41	13.3985
1626.3	13.1153
1601.28	12.9135
384.582	48.0727
1575.45	14.3223
1407.98	39.1106
2510.88	27.8986
539.948	24.5431
2018.55	34.8026
1768.35	15.2444
1889.41	18.1674
1560.52	15.6052
2085.13	32.5802
2204.99	31.4998
1624.69	13.1023
197.739	49.4347
1689.25	14.0771
2109.35	36.3681
2350.27	19.9175
0	50.04
1971.74	35.2096
2143.25	26.1371
2536.71	20.4573
1961.25	31.633
1845.02	34.1671
1675.13	38.0711
1635.18	13.1869
98.8694	49.4347
1652.53	37.5575
1567.79	37.3282
196.528	49.132
1774	38.5652
1365.2	42.6626
1464.48	36.6119
1496.76	37.419
1885.78	33.6747
1599.26	13.1087
286.923	47.8205
1590.38	34.5736
478.608	47.8608
1852.29	34.3016
97.6587	48.8294
567.793	47.316
1968.51	28.9487
2112.17	24.5601
1922.5	21.8466
2414.43	34.4919
1610.16	38.3371
1871.25	15.0908
0	50.04
1907.17	16.7296
1464.48	38.5389
1763.1	14.9416
485.872	48.5872
1388.21	43.3815
2189.65	27.3707
2310.72	23.5788
1525.82	34.6776
1987.48	21.603
2096.43	30.8299
1558.5	12.5686
100.08	50.04
2520.56	26.8145
380.95	47.6187
1883.76	16.5242
97.6587	48.8294
649.713	46.4081
1983.04	31.9845
1851.88	15.9645
1441.47	34.3208
2142.44	31.5064
1739.29	39.5294
1630.34	13.1479
292.976	48.8294
1663.83	34.6631
1617.42	38.51
196.528	49.132
1592	37.9047
971.341	44.1519
1851.08	38.5641
1647.69	39.2307
1746.56	39.6945
1635.99	13.1934
296.608	49.4347
1333.32	39.2154
390.635	48.8294
1882.55	34.8621
0	50.04
473.766	47.3766
1959.63	31.607
1886.99	33.6963
1291.35	40.3548
1449.14	40.254
1441.47	37.9335
1685.62	13.5937
196.528	49.132
1713.47	31.7309
389.424	48.678
1845.43	14.8825
98.8694	49.4347
564.161	47.0134
2277.63	25.307
2116.21	25.1929
1216.7	40.5566
1738.08	34.7617
1409.19	39.1442
1666.65	13.6611
0	50.04
1942.28	32.3713
471.345	47.1345
2273.19	30.7188
296.608	49.4347
834.135	46.3408
1772.38	35.4477
1846.23	34.1895
1296.2	36.0055
2191.27	33.201
1316.78	41.1493
1638.41	13.213
296.608	49.4347
1411.61	39.2115
1590.79	37.8759
0	50.04
1228.8	40.9602
1013.31	42.2213
1218.31	43.5112
1667.46	41.6865
962.866	43.7667
1583.52	12.7704
197.739	49.4347
1548.42	35.1913
484.662	48.4662
2004.02	38.5389
100.08	50.04
292.976	48.8294
1264.72	39.5225
2172.3	33.9422
1376.91	40.4973
1291.35	40.3548
1243.33	41.4444
1670.69	13.4733
0	50.04
1602.49	36.4202
100.08	50.04
1649.71	37.4933
296.608	49.4347
487.083	48.7083
1840.99	36.8198
2119.03	30.2719
1030.26	39.6253
1392.24	38.6734
1376.91	40.4973
1627.51	13.5626
289.344	48.224
1535.5	38.3875
100.08	50.04
2311.93	28.8991
100.08	50.04
285.712	47.6187
1811.53	34.8371
1539.13	38.4783
1168.27	32.452
1657.78	41.4444
1243.33	41.4444
1669.08	13.4603
198.949	49.7373
1773.19	34.0998
1600.47	38.1065
0	50.04
820.817	45.601
1041.15	43.3815
477.398	47.7398
888.21	44.4105
1077.47	44.8948
1697.73	13.6914
0	50.04
1594.02	33.2087
196.528	49.132
1319.2	41.225
296.608	49.4347
97.6587	48.8294
1143.66	43.9868
1573.84	37.4724
467.713	46.7713
1441.07	42.3844
742.529	46.4081
1683.2	13.5742
0	50.04
985.465	37.9025
294.187	49.0311
1742.93	39.6119
198.949	49.7373
295.397	49.2329
1432.6	39.7944
1723.15	37.4598
562.95	46.9125
1036.31	43.1797
970.13	44.0968
1675.94	13.5156
196.528	49.132
1344.62	39.5477
477.398	47.7398
1774	38.5652
0	50.04
196.528	49.132
1220.33	38.1353
1155.36	41.2628
198.949	49.7373
572.635	47.7196
296.608	49.4347
2211.04	17.831
0	50.04
1587.96	41.7885
930.179	42.2809
100.08	50.04
1004.03	45.6377
0	50.04
0	50.04
0	50.04
479.819	47.9819
1927.75	27.5393
195.317	48.8294
0	50.04
632.764	45.1974
1269.97	42.3322
0	50.04
198.949	49.7373
0	50.04
97.6587	48.8294
1418.07	41.7079
0	50.04
97.6587	48.8294
653.345	46.6675
1592	37.9047
198.949	49.7373
384.582	48.0727
383.371	47.9214
296.608	49.4347
1860.36	33.2207
1071.42	44.6425
195.317	48.8294
470.134	47.0134
1836.95	14.8141
0	50.04
0	50.04
0	50.04
197.739	49.4347
1489.9	39.2079
