78	13.5551
24	44.3903
122	13.1153
122	13.1153
124	13.6035
94	3.31854
38	32.9635
38	39.2716
52	38.5854
124	4.4911
124	12.3798
124	13.0112
124	13.623
124	10.7656
72	11.2209
16	45.1974
42	39.5766
18	44.1213
124	3.11774
42	38.7118
124	13.1153
124	13.1837
124	11.3026
116	5.92103
18	44.1885
42	39.836
32	43.1545
44	11.492
28	41.5655
124	13.1153
124	13.1153
124	13.4375
114	7.44441
34	43.7731
2	50.04
22	44.1519
10	47.9819
80	10.9765
16	46.8621
52	38.1896
124	14.1307
2	50.04
22	39.4377
46	31.5645
58	35.0322
54	25.4609
44	36.6404
124	6.57719
124	13.1772
124	1.26922
124	12.7931
124	13.4473
124	12.6597
0	50.04
94	14.2315
14	46.4081
42	38.4812
6	48.6276
20	45.0764
120	12.2511
86	28.9523
124	1.05769
124	15.5171
124	13.4082
124	10.2417
2	48.8294
102	9.69307
14	45.5433
66	31.2383
2	50.04
32	43.0788
14	45.3704
40	39.7798
50	20.7505
26	43.428
22	46.6282
122	13.5983
4	48.8294
12	46.4081
12	46.4081
0	50.04
42	36.425
14	45.1974
18	39.2339
24	43.9363
36	39.1778
124	13.1381
8	49.132
28	42.6032
26	42.2174
82	28.8832
10	19.0475
20	44.2894
124	12.6239
124	13.7532
124	10.4044
124	13.3789
124	13.3106
124	13.2618
2	50.04
110	14.8029
28	44.8948
62	31.9194
4	49.132
18	45.1974
110	11.5598
82	29.1342
124	6.79198
124	13.1153
124	13.1544
124	13.1544
4	49.7373
120	13.7341
34	43.7731
76	28.9174
0	50.04
16	45.2731
16	39.5477
38	41.8522
14	46.581
20	45.1974
12	46.509
124	13.5872
2	49.4347
18	45.6682
16	46.3324
4	49.7373
30	40.2069
22	45.0323
30	33.9384
24	44.0877
22	43.6016
124	13.789
14	47.7052
42	38.7983
14	45.8892
58	33.091
8	47.77
22	43.8217
124	13.6165
124	13.2813
106	15.9668
72	28.7921
42	39.8936
124	13.3692
2	48.8294
82	25.7484
24	43.8354
120	18.0588
4	49.4347
20	43.9868
66	29.7097
74	28.6574
106	14.8513
76	30.2874
78	30.8249
124	13.1967
10	47.7398
114	17.165
8	47.77
98	20.0209
2	49.4347
12	47.316
22	39.988
34	40.8533
18	40.1755
38	39.4309
20	44.4105
124	13.7402
2	49.4347
20	44.8948
14	47.1863
0	50.04
12	38.7743
26	41.4258
2	48.8294
8	48.678
16	45.5001
124	19.66
6	49.0311
22	39.6028
18	45.2647
36	38.6734
4	49.7373
10	48.224
60	33.36
66	30.0644
38	36.0114
60	34.2007
46	37.802
124	13.3692
2	49.4347
64	30.5057
2	48.8294
90	24.9796
8	47.9214
8	48.8294
84	24.8567
68	30.7231
46	35.5737
58	34.0929
54	34.3689
124	14.1242
4	49.4347
56	34.5899
10	47.6187
80	28.0819
2	50.04
10	47.6187
36	39.0769
50	37.0377
42	41.2772
32	43.268
38	39.1123
124	13.1316
2	49.4347
24	42.5744
20	44.1078
0	50.04
48	39.9765
22	43.9868
18	40.31
32	41.906
16	45.2731
124	13.7499
0	50.04
40	36.7431
28	44.2894
26	43.1486
0	50.04
18	44.7266
62	32.017
40	37.9335
46	36.2843
30	41.8076
40	38.8718
124	13.3919
4	49.7373
56	31.765
8	47.6187
82	28.0269
2	50.04
20	44.1684
62	32.2513
78	28.0156
54	35.4749
74	31.2586
60	33.7366
124	12.9168
6	48.8294
70	27.2049
10	47.2555
66	35.1454
6	48.4258
2	48.8294
38	37.6574
50	37.2556
28	38.1209
38	39.9725
24	43.9363
124	13.3887
2	49.4347
24	40.3212
28	42.6897
4	49.7373
18	45.1974
44	40.8226
18	34.2119
12	46.4081
24	42.1708
66	31.2567
4	49.7373
26	44.918
6	48.8294
36	39.3796
0	50.04
8	48.3754
70	30.4621
48	37.9335
32	36.4076
20	42.9577
50	37.6914
124	13.2618
4	49.4347
32	38.2867
10	47.7398
58	33.6545
2	50.04
12	46.509
48	34.6968
62	32.4466
28	41.1763
26	42.1708
24	42.7761
124	13.4733
4	49.7373
38	37.084
4	48.8294
60	35.0482
0	50.04
4	49.132
28	43.2517
42	39.1154
24	38.7575
36	41.0947
20	43.9868
122	13.4196
4	49.132
34	40.6753
16	45.7271
0	50.04
22	43.7116
6	48.6276
30	43.785
26	44.4058
28	45.5433
120	18.9533
0	50.04
24	43.3815
2	49.4347
28	44.03
2	49.4347
12	47.4169
24	44.2894
34	40.9246
8	47.6187
18	43.9868
10	47.6187
124	13.5254
2	49.4347
28	43.4247
2	48.8294
36	38.976
8	48.224
4	49.7373
36	36.9135
50	35.488
18	46.0718
20	44.1078
20	43.9868
124	13.4277
0	50.04
50	32.7036
2	50.04
40	40.0824
0	50.04
4	49.132
24	42.5239
24	43.6841
8	48.678
20	45.258
12	47.7196
122	14.5046
0	50.04
24	39.8168
16	44.0624
4	49.7373
22	43.3815
30	42.1305
16	46.7107
32	42.8896
18	46.3408
124	13.5937
0	50.04
26	35.9158
2	48.8294
22	44.1519
0	50.04
10	47.9819
18	45.8027
20	44.0473
2	48.8294
2	49.4347
4	48.8294
116	21.5377
2	49.4347
28	43.9435
6	49.0311
24	42.3726
2	48.8294
6	48.224
14	45.1974
36	39.2451
12	47.9214
8	49.132
10	47.0134
94	22.1952
0	50.04
24	45.4496
2	49.4347
30	41.283
2	49.4347
8	47.9214
26	39.3925
30	42.4129
12	47.5178
14	47.4458
14	46.581
124	14.0038
4	49.7373
22	39.8779
22	45.6927
4	49.7373
16	46.3324
0	50.04
0	50.04
2	50.04
2	49.4347
20	45.9843
8	48.9807
0	50.04
16	45.5757
14	45.2839
2	50.04
4	49.7373
4	49.132
0	50.04
34	41.2094
12	46.4081
2	49.4347
14	47.4458
44	39.1992
0	50.04
2	49.4347
4	49.7373
2	50.04
28	42.1708
12	46.8116
2	49.4347
2	50.04
36	39.4132
0	50.04
0	50.04
0	50.04
0	50.04
8	48.3754
