1352.29	10.9056
0	50.04
1334.13	10.7591
1688.85	13.6198
1537.12	12.3961
26.2306	0.211537
859.155	6.92867
1469.32	11.8494
314.768	2.53845
935.022	7.5405
1299.02	10.476
1336.55	10.7786
1286.11	10.3718
1407.17	11.3482
406.777	3.28046
908.791	7.32896
1053.26	8.49404
900.72	7.26387
924.126	7.45263
891.842	7.19227
1589.98	12.8224
1359.96	10.9674
1168.68	9.42481
876.507	7.06861
1169.08	9.42806
1117.43	9.0115
1233.24	9.94552
671.505	5.41536
1229.61	9.91623
1504.83	12.1357
1935.01	15.605
1372.87	11.0715
883.771	7.48958
2142.03	41.193
0	50.04
936.636	18.0122
813.554	45.1974
157.384	1.26922
1633.56	13.1739
1384.57	11.1659
1626.7	13.1186
394.67	3.18283
1215.08	9.79907
1116.21	9.00173
1643.25	13.252
405.566	3.27069
1345.43	10.8502
1438.25	11.5988
1615	13.0242
0	0
1468.51	11.8428
1488.69	12.0056
1341.8	10.821
186.036	1.50029
1102.9	8.89434
1581.91	12.7573
1289.74	10.4011
212.266	1.71183
1350.27	10.8893
1401.12	11.2994
1032.68	8.32807
131.153	1.05769
1165.04	9.39552
1347.45	10.8665
1455.2	11.7354
595.234	4.80027
1024.21	8.25972
1453.58	11.7224
1518.15	12.2431
537.123	4.33164
1187.64	9.57777
1342.61	10.8275
1631.14	13.1544
26.2306	0.211537
1393.05	11.2343
1632.35	13.1641
1565.77	12.6272
0	50.04
908.791	9.08791
792.973	44.054
198.949	49.7373
723.159	40.1755
817.185	45.3992
1122.27	17.0041
740.108	46.2567
382.16	47.77
2545.18	20.5256
186.843	18.6843
1432.19	37.6893
1075.86	33.6206
1828.07	15.234
748.986	10.4026
1619.04	40.4759
1005.64	8.11002
1578.68	12.7313
314.768	2.53845
1613.39	13.0112
1507.66	12.1585
1499.18	12.0902
314.768	2.53845
1248.58	10.0692
1446.32	11.6639
1638.41	13.213
393.46	3.17306
1186.43	9.568
1431.79	11.5467
1665.04	13.4277
474.573	3.8272
1288.13	10.3881
1665.44	13.431
1355.92	10.9349
1003.22	8.09049
1078.68	8.69907
1674.73	13.5059
1644.46	13.2618
401.127	11.1424
1468.92	15.3012
1251.4	10.092
1666.65	13.6611
629.535	5.0769
1629.93	13.1446
1626.3	13.1153
1639.62	13.2227
0	50.04
1135.18	9.45985
2055.27	36.7013
100.08	50.04
704.999	39.1666
1206.21	43.0788
1827.27	35.1398
1926.54	37.0488
1669.88	36.3018
1629.12	13.1381
100.08	50.04
1700.96	40.499
632.764	45.1974
1994.34	28.4905
847.452	47.0806
1022.19	46.4631
1306.69	10.5378
1663.83	13.418
1283.28	10.3491
1615.81	13.0307
1639.62	13.2227
1296.2	10.4532
537.526	7.46565
1847.04	19.24
2447.92	37.0898
2067.78	16.949
930.179	8.45617
1704.59	35.5123
1512.1	12.8144
1661.41	13.3985
916.055	7.38754
1638.41	13.213
1643.25	13.252
1626.3	13.1153
473.766	33.8404
1354.71	12.0956
2233.24	30.1789
1810.32	14.5993
380.95	47.6187
2182.39	29.4918
1818.79	32.4784
1811.93	14.8519
1467.71	12.2309
1872.06	16.7148
1179.57	42.1276
1697.73	13.6914
198.949	49.7373
933.811	38.9088
1943.89	34.7124
100.08	50.04
1445.51	34.4169
902.738	45.1369
1205	43.0356
927.758	42.1708
1563.35	39.0837
1611.37	12.9949
388.214	48.5267
1869.64	34.623
571.425	47.6187
2022.18	28.8883
196.528	32.7547
100.08	50.04
1452.77	13.207
1835.34	33.9877
1223.56	9.86741
1637.2	13.2032
1618.23	13.0502
1585.95	12.7899
197.739	49.4347
1656.16	13.8014
899.106	44.9553
2005.23	16.1712
294.187	49.0311
900.316	45.0158
2307.09	33.9277
2127.51	24.1762
1261.09	15.3791
2316.77	26.9392
2105.31	31.8987
1609.75	12.9819
100.08	50.04
1728.4	14.1672
2006.85	35.8365
2025.81	16.3372
383.371	47.9214
1931.38	33.2997
1815.56	31.3028
1840.18	15.3348
1958.42	33.7659
1745.35	34.9069
1562.14	39.0534
1596.84	12.8777
196.528	49.132
1727.59	34.5518
1677.55	38.1262
98.8694	49.4347
1349.06	33.7266
1384.17	40.7109
2058.9	33.2081
1873.27	36.0245
1480.22	38.953
1612.18	13.0014
0	50.04
1988.69	32.0756
467.713	46.7713
1930.58	34.4746
100.08	50.04
195.317	48.8294
2020.97	28.069
2271.57	24.1657
1741.71	17.7726
2458.42	33.2218
2236.47	38.5597
1695.71	13.6751
198.949	49.7373
1713.87	27.6431
792.973	44.054
2220.32	24.6703
575.056	47.9214
1930.98	40.2287
2030.25	17.2055
1789.74	14.4334
1877.31	34.7649
2219.52	31.7074
2041.95	30.0287
1686.83	13.6035
97.6587	48.8294
2031.87	21.1653
487.083	48.7083
2062.13	29.459
196.528	49.132
825.66	45.87
1633.56	32.6713
1914.84	16.5072
1542.77	36.7325
1643.65	37.3557
2353.49	35.659
1626.7	13.3336
100.08	50.04
1567.79	35.6315
1673.92	38.0436
0	50.04
1137.6	43.754
1860.76	38.7659
1338.57	39.3697
1310.73	40.9602
1228.8	40.9602
1639.62	13.2227
195.317	48.8294
1588.37	34.5297
481.03	48.103
1742.12	36.2941
196.528	49.132
195.317	48.8294
1700.15	34.003
1983.04	33.0506
1567.79	37.3282
1567.79	37.3282
1706.61	38.7865
1681.99	13.5644
198.949	49.7373
1588.37	37.8182
554.475	46.2063
2449.14	27.2126
195.317	48.8294
749.793	46.8621
1886.99	30.4354
2200.15	26.831
1760.68	32.6052
2189.25	28.8059
1334.53	39.251
1624.28	13.0991
100.08	50.04
1862.38	31.0396
655.766	46.8404
2379.72	24.2829
285.712	47.6187
380.95	47.6187
1610.97	36.6128
2336.95	33.385
1815.56	33.6216
1387.8	40.8177
1407.58	43.9868
1711.05	13.7988
195.317	48.8294
867.629	43.3815
1617.42	38.51
100.08	50.04
1302.25	38.3015
1209.84	43.2085
794.183	39.7092
1638	39.0001
1053.26	43.8859
1646.07	13.2748
198.949	49.7373
1339.38	37.2049
195.317	48.8294
1230.02	41.0005
98.8694	49.4347
100.08	50.04
1412.82	37.1796
1733.64	36.1176
1171.1	36.5968
1793.77	40.7676
2033.88	37.6645
1673.52	13.4961
100.08	50.04
1765.12	36.7733
562.95	46.9125
1775.21	34.1386
198.949	49.7373
471.345	47.1345
1210.65	37.8327
2282.07	27.1675
1458.83	36.4707
1554.06	40.8964
711.052	44.4408
1707.41	13.7695
97.6587	48.8294
1749.38	36.4455
383.371	47.9214
1935.42	34.561
0	50.04
669.083	47.7917
1692.48	32.5477
1618.23	36.7779
1291.35	37.981
1717.5	39.0341
1096.44	42.1708
1698.94	13.7011
0	50.04
1369.64	38.0456
1793.37	38.9863
0	50.04
1042.37	40.091
880.946	44.0473
791.762	39.5881
559.318	46.6098
742.529	46.4081
1812.74	14.6189
0	50.04
1228.8	40.9602
292.976	48.8294
1310.73	40.9602
0	50.04
575.056	47.9214
1013.31	38.9735
1993.93	36.9247
1067.79	41.0688
464.081	46.4081
829.292	46.0718
1640.83	13.2325
195.317	48.8294
1602.49	42.1708
292.976	48.8294
1715.48	40.8449
197.739	49.4347
290.555	48.4258
1243.33	41.4444
1520.97	38.0243
1014.92	46.1329
1100.48	45.8532
982.237	44.6471
1661.81	13.6214
198.949	49.7373
1180.78	42.1708
474.976	47.4976
1727.59	35.9915
0	50.04
198.949	49.7373
1228	43.8571
1146.88	40.9602
561.739	40.1242
831.713	46.2063
471.345	47.1345
1762.3	14.445
97.6587	48.8294
879.735	43.9868
966.498	43.9317
196.528	49.132
742.529	46.4081
0	50.04
0	50.04
100.08	50.04
0	50.04
1704.59	35.5123
670.294	47.8781
195.317	48.8294
649.713	46.4081
1120.65	43.1021
0	50.04
380.95	47.6187
100.08	50.04
98.8694	49.4347
1589.17	36.1176
294.187	49.0311
198.949	49.7373
815.975	45.3319
1180.78	42.1708
0	50.04
294.187	49.0311
100.08	50.04
0	50.04
1706.61	38.7865
894.263	44.7132
198.949	49.7373
285.712	47.6187
2162.62	28.4555
0	50.04
100.08	50.04
0	50.04
0	50.04
1041.15	43.3815
