124	11.0878
2	50.04
124	10.9804
124	9.4964
124	12.6922
124	0.423075
124	5.90678
124	9.36623
124	2.74999
124	6.8473
124	11.6508
124	12.0902
124	12.5653
124	11.423
124	2.78904
124	7.15648
124	10.9186
124	6.5121
124	7.22156
124	6.93517
124	12.2562
124	11.0976
124	9.33043
124	7.06861
124	8.8683
124	8.38665
124	8.59818
124	4.9337
124	11.6378
124	10.0041
124	14.6091
124	11.7062
116	7.21169
22	43.3815
2	50.04
54	21.3806
12	46.509
124	1.48076
124	13.2032
124	12.1455
124	13.0991
124	2.97129
124	10.8079
124	7.84641
124	13.1934
124	2.5775
124	11.1659
124	11.3482
124	13.0047
124	0
124	12.3636
124	11.2701
124	11.7062
124	1.92336
124	10.1505
124	13.2976
124	11.218
124	1.71183
124	10.5313
124	11.1594
124	9.02451
124	0.84615
124	9.74374
124	10.821
124	9.91623
124	4.97276
124	8.04819
124	11.6085
124	11.8103
124	5.0411
124	10.4076
124	10.668
124	13.1251
124	0.211537
124	11.2147
124	13.3789
124	12.0641
2	49.4347
104	12.3082
56	37.1985
0	50.04
18	45.3319
24	45.2983
60	18.4085
34	41.3518
46	39.9601
122	16.873
4	0
12	47.7196
38	36.107
88	24.5752
80	11.6272
32	42.7761
124	8.276
124	13.6035
124	2.11537
124	12.842
124	11.6606
124	10.9251
124	3.17306
124	9.37599
124	11.7843
124	13.1641
124	2.74999
124	10.6745
124	10.515
124	13.226
124	2.74999
124	9.34996
124	12.6597
124	10.463
122	7.64426
124	8.69907
124	13.457
124	13.1837
24	7.07891
120	18.0285
108	10.481
122	13.7107
124	5.0769
124	13.2813
124	13.1153
124	12.9624
6	49.4347
104	12.1414
50	36.6745
8	48.0727
30	43.5832
26	42.2174
24	42.877
20	44.35
36	41.3301
124	12.728
8	49.132
44	37.851
34	40.7821
86	26.6717
14	46.3216
20	44.1078
124	9.85114
124	13.3496
122	8.02466
124	13.1088
124	13.213
124	11.8201
62	4.03548
108	19.1611
48	28.5931
124	14.7946
108	5.52263
36	39.1778
124	11.3286
124	13.4668
124	6.02068
124	12.7801
124	13.1641
124	12.4807
6	16.0747
122	11.3258
62	32.0561
122	14.5443
6	48.8294
62	32.4661
66	29.1655
116	16.5385
122	10.1549
116	16.2046
22	43.9868
124	13.1706
0	50.04
42	39.3171
42	36.5788
0	50.04
36	35.8373
30	43.2604
40	39.2955
48	38.8668
64	35.6447
124	13.1283
0	50.04
48	34.0326
12	46.7107
50	35.5123
4	49.132
2	50.04
120	14.8405
60	33.6358
124	10.9414
120	13.4583
124	13.2618
124	12.7704
2	49.4347
124	14.8076
30	43.785
124	14.365
4	24.4147
14	39.0001
40	36.6119
114	18.9632
104	14.3764
94	26.6385
48	36.1428
124	12.7704
6	49.4347
120	13.7913
70	31.0559
124	14.697
8	48.5267
60	33.1582
50	35.9965
124	14.7458
62	32.2969
58	33.4249
48	36.6472
124	12.9851
4	49.4347
50	34.0514
54	36.3642
0	50.04
22	42.611
50	38.8052
44	35.5765
24	42.2213
44	38.2087
124	13.4375
0	50.04
54	31.2003
12	46.7107
54	35.4002
10	48.224
4	48.8294
78	28.3881
74	30.2443
92	17.5851
80	27.0377
62	32.5052
124	13.4505
4	48.8294
72	29.3694
16	45.2731
92	23.7874
10	48.103
34	41.6723
122	14.0812
124	14.0038
58	32.3465
62	32.1927
62	33.1691
124	13.3496
2	49.4347
102	20.5454
12	47.6187
72	28.6015
4	49.132
14	45.8027
48	34.949
116	16.2254
32	41.0358
58	34.3434
42	36.3482
124	13.5644
4	48.8294
46	34.7139
56	35.4258
6	48.6276
26	42.4967
34	40.6753
40	40.6575
42	38.9712
30	42.2919
124	13.1544
4	49.7373
34	38.8237
4	49.132
58	35.8045
6	49.0311
10	46.5291
52	31.3914
64	31.6912
34	31.5005
28	42.1708
50	36.7713
124	13.6425
0	50.04
48	37.8579
18	46.7444
94	24.8225
8	48.5267
14	46.581
44	36.6495
88	25.1805
42	35.5507
52	34.3016
32	41.4898
124	13.5644
6	49.0311
42	36.0407
14	46.4945
92	24.8007
6	49.4347
10	47.9819
38	38.3796
64	30.7453
42	34.3208
32	41.0737
34	43.1322
124	13.5579
0	50.04
28	43.4679
44	36.6404
0	50.04
38	39.7177
44	39.1992
26	42.7761
28	41.0899
30	43.099
122	13.3237
0	50.04
32	39.0811
12	48.4258
30	41.5655
2	49.4347
8	49.132
40	40.718
48	35.941
24	36.5548
40	38.5086
32	40.7332
122	13.5916
2	50.04
74	28.8373
4	49.132
58	33.0701
2	48.8294
20	45.4395
32	42.2086
80	25.4034
28	41.0466
30	40.9602
32	41.4898
124	13.3854
4	49.132
46	38.2757
4	48.8294
48	35.5879
6	49.0311
8	48.3754
40	34.1402
70	35.1318
28	42.1708
34	39.1798
46	40.1969
124	12.9005
2	49.4347
30	41.0005
38	39.1123
0	50.04
28	42.3438
18	45.3319
20	40.4355
28	44.2894
8	47.6187
124	14.4236
4	49.132
28	42.214
2	48.8294
18	43.9868
4	49.7373
6	48.8294
32	41.3385
28	40.9602
22	44.8672
14	47.3593
24	44.4912
124	13.2325
6	49.0311
30	37.1534
4	48.8294
44	37.851
4	49.4347
4	48.5267
40	39.7193
44	39.9146
22	45.5826
32	40.9602
28	44.2894
124	13.4473
4	49.4347
32	41.452
0	50.04
34	39.1442
2	48.8294
4	49.132
32	39.0811
30	41.5251
16	46.4081
12	46.509
8	47.77
124	13.955
0	50.04
20	35.5526
36	42.0699
4	49.7373
14	45.2839
0	50.04
0	50.04
2	50.04
2	50.04
46	37.8546
10	47.9819
4	49.7373
26	43.6143
30	40.7584
0	50.04
2	48.8294
2	49.4347
2	48.8294
50	37.1829
12	47.6187
0	50.04
10	46.5291
38	40.2274
0	50.04
0	50.04
6	48.8294
0	50.04
50	35.2943
10	48.4662
0	50.04
6	48.224
58	33.091
0	50.04
0	50.04
0	50.04
0	50.04
18	43.9868
