38	38.507
38	38.8893
20	44.0473
38	38.1884
116	24.2164
50	34.5922
38	33.4414
48	35.4366
100	24.8344
124	3.80767
124	13.0242
124	14.1112
124	13.6132
124	10.4272
52	5.3703
6	48.0223
46	39.0652
8	48.9807
124	3.18608
24	42.1708
124	13.1153
124	13.623
124	9.88694
124	4.73844
28	43.5544
32	41.5277
6	47.6187
12	47.316
36	39.1778
22	45.0323
2	48.8294
114	22.9421
8	47.77
4	48.8294
0	50.04
26	45.244
30	42.6551
12	46.4081
16	45.4244
50	34.9311
124	13.9224
4	49.4347
16	34.3521
66	28.9454
96	25.8145
40	36.8843
58	33.3414
124	5.49997
124	12.8094
124	0.634612
124	13.0047
124	13.3496
124	10.694
4	49.4347
62	20.223
24	44.6425
58	34.5103
0	50.04
16	45.1974
118	10.5572
68	30.0466
124	1.05769
124	13.5937
124	13.1934
124	11.4621
6	49.2329
110	12.4036
16	45.8027
62	31.4898
4	49.7373
32	43.8733
28	43.2517
62	35.9614
10	47.6187
22	43.3815
26	42.2174
124	13.8085
0	50.04
56	35.2456
34	42.883
0	50.04
32	38.0344
16	45.1974
16	45.2731
10	47.6187
18	44.8611
124	13.6165
0	50.04
16	45.2731
32	39.0811
76	27.0696
16	46.4837
16	47.0134
124	11.0423
124	13.6621
122	8.46459
124	13.0795
124	13.1348
124	12.868
0	50.04
98	16.809
14	46.6675
54	34.3016
0	50.04
22	46.0779
112	11.6669
118	17.2295
124	7.20529
124	13.252
124	13.2422
124	12.8485
0	50.04
122	10.5981
38	40.6416
70	29.9606
6	48.8294
26	42.5433
34	42.242
62	32.0951
32	34.1503
32	42.0573
20	43.9868
122	13.5222
0	50.04
22	40.3732
14	47.9646
0	50.04
26	44.173
26	45.3837
18	45.1974
30	41.8076
30	42.1708
124	13.6328
2	48.8294
20	43.6841
14	46.8404
64	33.2612
6	49.4347
8	47.1647
92	23.5944
62	32.6028
88	14.4452
94	25.7498
60	32.3646
124	13.6556
6	49.0311
58	30.8436
20	45.9843
104	18.5632
8	48.678
16	46.9377
52	34.3016
114	16.8216
86	17.6623
124	19.0807
60	34.4227
124	13.0698
10	48.103
100	23.6964
16	47.316
124	14.57
2	48.8294
18	39.0994
30	42.8165
30	42.0901
14	45.2839
20	44.0473
26	43.9402
124	13.3496
0	50.04
20	45.1974
18	45.1974
2	50.04
26	38.9735
14	46.4081
22	44.5921
24	43.5328
18	44.8611
124	13.457
2	49.4347
20	41.4041
26	43.6608
34	40.3548
2	50.04
16	46.7864
88	24.1808
88	24.2175
32	30.2661
56	35.188
54	35.5795
124	13.1674
4	48.8294
58	36.6603
16	47.1647
112	20.7791
4	48.8294
22	44.7572
42	35.5507
76	27.5316
54	32.8742
34	39.1798
40	40.4456
124	13.7109
8	48.678
38	36.5105
12	46.4081
54	35.2881
2	50.04
12	47.4169
22	43.3815
44	37.2732
22	43.3264
22	43.9868
48	38.8415
124	13.418
4	49.132
34	41.4943
20	44.5921
2	50.04
20	43.9868
16	45.4244
38	37.1796
42	40.9025
20	44.9553
124	14.0233
2	49.4347
30	42.9779
8	48.0727
28	43.3815
0	50.04
8	47.77
54	34.7351
52	34.5577
34	38.7644
40	40.1732
54	34.055
124	13.2357
2	50.04
60	31.9341
20	47.2555
70	28.8537
4	49.4347
6	48.0223
54	34.324
84	25.1209
52	32.2218
58	33.1327
58	35.3035
124	12.5295
4	49.132
48	34.9069
12	47.5178
78	26.8049
0	50.04
10	48.7083
36	37.0031
48	36.7229
36	39.1778
14	47.1863
22	45.7477
124	13.5059
0	50.04
14	46.581
18	44.9284
0	50.04
36	38.2474
12	46.4081
22	45.4726
22	43.9868
18	46.2063
122	13.2973
0	50.04
24	43.2806
4	49.7373
36	39.1442
4	48.8294
14	47.9646
42	38.3371
48	37.6057
32	40.8845
26	42.1708
32	41.6033
124	13.0991
6	49.4347
30	37.261
8	47.6187
54	35.8261
4	49.4347
14	47.0999
42	37.0208
58	32.3813
24	43.3815
32	41.9438
36	40.3548
124	13.2553
4	49.7373
38	35.0238
6	48.6276
56	36.0095
4	48.8294
6	49.2329
36	36.3418
26	42.2174
18	44.5248
20	44.1078
12	46.6098
124	13.1609
0	50.04
24	37.261
18	44.9956
0	50.04
16	45.3488
20	44.6526
6	48.8294
10	48.5872
8	48.0727
124	24.8703
4	49.7373
24	36.7061
6	48.4258
30	40.9602
0	50.04
2	48.8294
34	38.4083
34	41.4231
18	46.0718
34	41.9572
24	43.8859
124	13.7988
4	49.7373
40	36.0167
8	48.5267
26	43.1021
2	48.8294
12	47.1143
34	37.9098
30	42.4533
16	45.9541
14	48.224
16	46.4081
124	15.3706
2	49.4347
28	35.8437
8	48.0727
34	40.07
0	50.04
4	49.132
48	35.6552
20	44.1684
22	40.3732
38	41.2469
26	44.4058
124	13.7206
0	50.04
22	43.6566
20	44.35
6	48.8294
26	44.3593
28	44.03
8	35.714
10	46.5291
0	50.04
108	18.552
0	50.04
38	43.0947
2	50.04
34	42.8117
2	50.04
6	48.0223
22	43.5465
14	45.8892
8	48.5267
12	46.4081
12	46.6098
122	14.2962
0	50.04
14	46.2351
4	48.5267
36	39.4132
2	50.04
2	49.4347
12	47.5178
32	40.9602
8	47.6187
20	44.9553
20	43.8052
124	14.5017
4	49.4347
34	42.3488
6	48.8294
24	43.3815
0	50.04
2	49.4347
22	44.9773
22	43.3264
8	35.714
12	46.509
10	46.7713
106	18.6203
0	50.04
26	43.6143
14	46.1486
0	50.04
16	45.1974
0	50.04
0	50.04
0	50.04
2	50.04
20	44.1078
4	49.7373
2	49.4347
10	47.0134
12	46.6098
2	50.04
2	50.04
4	49.132
6	49.2329
24	43.2301
16	46.5594
0	50.04
2	48.8294
34	41.6723
2	49.4347
6	49.4347
2	50.04
0	50.04
24	43.5832
14	45.2839
2	50.04
6	49.2329
36	40.6575
0	50.04
0	50.04
0	50.04
2	50.04
16	46.1811
