292.976	48.8294
97.6587	48.8294
100.08	50.04
288.134	48.0223
1878.52	16.7725
1337.36	41.7925
442.289	24.5716
1391.03	38.6398
2161	20.0093
422.112	3.40413
1556.49	12.5523
1741.31	14.0428
1696.52	13.6816
1500.39	12.0999
691.682	10.48
813.554	45.1974
1096.44	42.1708
285.712	47.6187
431.393	3.59494
1180.78	42.1708
1626.3	13.1153
1626.3	13.1153
1160.2	9.35646
515.735	4.15915
1481.02	43.5595
880.946	44.0473
0	50.04
196.528	49.132
464.081	46.4081
198.949	49.7373
97.6587	48.8294
1614.19	40.3548
388.214	48.5267
100.08	50.04
0	50.04
566.582	47.2152
723.159	45.1974
972.552	44.2069
1220.73	43.5976
1545.59	40.6734
1759.87	14.1925
195.317	48.8294
1308.3	38.4795
1179.17	36.849
2183.6	17.8984
1256.25	36.9484
1853.09	33.091
994.747	8.02215
1627.51	13.1251
183.615	1.48076
1580.3	12.7443
1675.94	13.5156
1522.99	12.2822
100.08	50.04
1060.93	23.0637
1095.23	42.1242
2281.26	35.6447
198.949	49.7373
794.183	44.1213
1065.77	8.59493
2008.46	30.4312
104.923	0.84615
1660.2	13.3887
1651.72	13.3204
1337.76	10.7884
97.6587	48.8294
1514.52	15.7762
754.635	47.1647
2104.5	32.8829
0	50.04
558.107	46.509
1231.23	36.2125
1693.29	38.4838
652.134	46.581
1291.35	40.3548
633.975	45.2839
1646.88	13.2813
0	50.04
466.502	33.3216
652.134	46.581
0	50.04
660.609	47.1863
799.026	44.3903
465.291	38.7743
732.844	45.8027
1225.58	43.7706
1692.89	13.6523
481.03	48.103
882.157	44.1078
1280.46	40.0143
1949.95	34.8205
464.081	38.6734
968.92	44.0418
1317.18	10.6224
1851.88	33.0693
1066.17	8.59818
1674.73	13.5059
1656.57	13.3594
1654.14	13.3399
294.187	49.0311
1458.42	18.2303
564.161	47.0134
2229.2	31.8457
195.317	48.8294
556.897	46.4081
1485.46	12.3788
1767.14	14.4847
1052.86	8.49079
1644.46	13.2618
1663.83	13.418
1584.73	12.7801
98.8694	49.4347
1649.71	13.3041
868.84	43.442
2327.67	29.0958
295.397	49.2329
1102.49	42.4036
725.58	45.3488
2058.5	29.4071
481.03	48.103
660.609	47.1863
1647.28	43.3496
2494.74	20.1188
100.08	50.04
711.052	39.5029
285.712	47.6187
198.949	49.7373
972.552	44.2069
1339.78	41.8681
1353.1	42.2843
879.735	43.9868
879.735	43.9868
1646.48	13.7206
98.8694	49.4347
1707.82	38.814
918.476	45.9238
1635.18	37.1631
100.08	50.04
476.187	47.6187
2501.6	20.8466
3010.47	27.3679
1548.01	15.4801
2044.38	30.0644
1640.02	37.2732
1635.99	13.1934
296.608	49.4347
1543.17	32.1494
648.502	46.3216
2209.02	19.0433
295.397	49.2329
899.106	44.9553
1991.51	27.6599
1928.96	15.5561
1541.96	14.2774
2059.71	23.4058
2107.33	33.9892
1623.07	13.0893
292.976	48.8294
1984.65	16.5388
825.66	45.87
1825.65	15.2138
98.8694	49.4347
1062.95	44.2894
1707.01	35.5627
1826.06	35.1165
650.924	46.4945
815.975	45.3319
566.582	47.2152
2364.79	19.0709
100.08	50.04
1281.67	35.6019
974.973	44.317
0	50.04
1178.36	36.8238
1058.1	44.0877
983.447	44.7022
1507.25	41.8681
1102.49	42.4036
1571.01	12.6695
97.6587	48.8294
1067.39	35.5795
477.398	47.7398
1811.53	39.3811
0	50.04
558.107	46.509
2133.16	23.1865
2268.35	28.3543
1794.98	30.948
1592.81	36.2001
1792.97	37.3534
1643.25	13.252
198.949	49.7373
1958.42	29.673
664.241	47.4458
1945.91	17.3742
98.8694	49.4347
813.554	45.1974
1913.22	34.1647
1853.09	33.091
1041.15	40.0444
1604.91	36.4753
1036.31	43.1797
1612.18	13.0014
0	50.04
1267.55	42.2515
387.003	48.3754
2106.12	28.4611
390.635	48.8294
294.187	49.0311
1627.51	38.7503
1529.85	40.2593
1343.82	31.9956
1096.44	42.1708
1410.4	39.1778
1630.34	13.1479
196.528	49.132
1242.12	38.8163
999.186	45.4175
198.949	49.7373
814.764	40.7382
649.713	46.4081
1201.36	42.9058
1144.87	44.0333
724.369	45.2731
1665.44	13.431
0	50.04
792.973	39.6486
384.582	48.0727
879.735	43.9868
197.739	49.4347
389.424	48.678
1872.87	32.2908
1819.6	33.6963
1462.46	38.4858
1462.46	40.6239
1941.47	34.6691
1630.34	13.1479
196.528	49.132
1746.15	32.3362
906.37	45.3185
2071.01	33.4034
195.317	48.8294
667.873	47.7052
1734.85	34.6971
2294.98	26.6858
1324.04	41.3763
1675.94	36.4334
2035.5	35.0948
1633.97	13.1772
98.8694	49.4347
1518.15	33.0032
567.793	47.316
2255.43	31.3254
98.8694	49.4347
388.214	48.5267
1049.63	43.7346
1333.32	39.2154
761.496	29.2883
814.764	45.2647
547.212	45.601
1621.86	13.0795
198.949	49.7373
1207.42	40.2472
817.185	45.3992
0	50.04
947.128	43.0513
967.709	43.9868
867.629	39.4377
1285.71	42.8568
989.501	44.9773
1677.15	13.5254
0	50.04
1185.63	42.3438
97.6587	48.8294
1280.86	42.6954
98.8694	49.4347
571.425	47.6187
1533.48	36.5115
1889.82	34.9966
1326.46	39.0136
1224.37	43.7274
723.159	45.1974
1653.34	13.3334
0	50.04
1542.77	38.5691
294.187	49.0311
2013.3	33.555
195.317	48.8294
748.582	46.7864
1780.46	34.2395
1666.65	37.8785
1253.02	39.1568
1166.25	41.652
1605.72	40.143
1689.25	13.623
198.949	49.7373
2045.59	30.9937
195.317	48.8294
1383.77	38.438
0	50.04
285.712	47.6187
1053.26	43.8859
1807.09	36.1418
1184.41	39.4805
882.157	44.1078
1123.08	43.1952
1637.2	13.2032
0	50.04
953.181	39.7159
908.791	45.4395
198.949	49.7373
735.265	45.9541
470.134	47.0134
928.161	46.4081
567.793	47.316
464.081	46.4081
1686.83	13.6035
198.949	49.7373
1146.08	44.0799
97.6587	48.8294
1041.15	43.3815
100.08	50.04
393.056	49.132
876.104	43.8052
1668.67	36.2755
987.079	41.1283
1067.79	44.4912
1135.18	43.6608
1680.78	13.5547
98.8694	49.4347
1514.11	39.8451
478.608	47.8608
1372.06	40.3548
98.8694	49.4347
482.24	48.224
1421.7	41.8147
1310.73	40.9602
465.291	38.7743
741.318	46.3324
812.343	45.1302
1853.09	15.1893
0	50.04
1608.14	40.2035
391.845	48.9807
1372.06	40.3548
198.949	49.7373
196.528	49.132
1151.73	38.3909
1097.65	42.2174
1409.59	41.4587
1013.71	46.0779
894.263	44.7132
1588.37	13.0194
0	50.04
808.711	40.4355
483.451	48.3451
100.08	50.04
285.712	47.6187
650.924	46.4945
389.424	48.678
388.214	48.5267
97.6587	48.8294
1834.93	15.0404
295.397	49.2329
1135.18	43.6608
296.608	49.4347
879.735	43.9868
100.08	50.04
663.03	47.3593
1115.81	42.9158
1221.94	43.6409
383.371	47.9214
632.764	45.1974
196.528	49.132
1997.16	20.3792
100.08	50.04
1000.4	45.4726
390.635	48.8294
796.605	44.2558
98.8694	49.4347
195.317	48.8294
1555.28	40.9283
633.975	45.2839
635.185	45.3704
1083.53	45.147
819.607	45.5337
1713.47	13.8183
0	50.04
1110.97	39.6775
393.056	49.132
1363.99	42.6248
100.08	50.04
195.317	48.8294
974.973	44.317
795.394	44.1885
190.475	31.7458
289.344	48.224
382.16	47.77
1949.54	15.7221
0	50.04
807.5	44.8611
466.502	46.6502
0	50.04
723.159	45.1974
0	50.04
0	50.04
100.08	50.04
100.08	50.04
1571.01	41.3425
97.6587	48.8294
198.949	49.7373
195.317	48.8294
1146.08	44.0799
0	50.04
195.317	48.8294
197.739	49.4347
100.08	50.04
1188.05	42.4302
387.003	48.3754
100.08	50.04
389.424	48.678
1299.02	43.3007
0	50.04
0	50.04
292.976	48.8294
0	50.04
724.369	45.2731
669.083	47.7917
100.08	50.04
292.976	48.8294
740.108	46.2567
0	50.04
0	50.04
0	50.04
100.08	50.04
663.03	47.3593
