98.8694	49.4347
100.08	50.04
98.8694	49.4347
296.608	49.4347
1616.21	38.4812
388.214	48.5267
97.6587	48.8294
292.976	48.8294
560.529	46.7107
680.383	5.57691
2116.61	25.1978
1694.1	13.6621
1685.62	13.5937
1049.23	8.4615
757.864	11.4828
820.817	45.601
1253.02	41.7673
1052.05	43.8354
399.109	3.4406
1345.43	39.5715
1626.3	13.1153
1626.3	13.1153
1152.13	9.29138
221.145	2.98844
476.187	47.6187
1180.78	42.1708
0	50.04
98.8694	49.4347
296.608	49.4347
100.08	50.04
0	50.04
100.08	50.04
0	50.04
0	50.04
198.949	49.7373
474.976	47.4976
559.318	46.6098
879.735	43.9868
879.735	43.9868
988.29	44.9223
1623.48	13.0925
0	50.04
1331.31	41.6033
648.502	46.3216
1761.09	35.2217
902.738	45.1369
961.656	43.7116
1312.74	10.9395
1719.52	13.8671
157.384	1.26922
1632.35	13.1641
1629.93	13.1446
1380.94	11.1366
100.08	50.04
738.494	20.5137
912.423	45.6211
1568.19	39.2047
295.397	49.2329
195.317	48.8294
1292.97	11.3418
1785.3	35.706
131.153	1.05769
1645.67	13.2715
1677.15	13.5254
1499.99	12.0967
100.08	50.04
931.39	11.3584
740.108	46.2567
1013.31	42.2213
0	50.04
196.528	49.132
479.819	47.9819
100.08	50.04
197.739	49.4347
198.949	49.7373
0	50.04
2008.86	25.1108
100.08	50.04
0	50.04
296.608	49.4347
0	50.04
987.079	44.8672
1014.52	42.2717
876.104	39.8229
954.392	43.3815
879.735	43.9868
1641.63	13.456
0	50.04
967.709	40.3212
663.03	47.3593
2138.81	34.4969
384.582	48.0727
467.713	46.7713
1721.13	14.1077
2109.75	18.1875
1248.58	10.0692
1654.14	13.3399
1626.3	13.1153
1609.75	12.9819
100.08	50.04
1610.16	17.5017
484.662	48.4662
1984.25	30.0644
100.08	50.04
470.134	47.0134
1520.17	13.3348
2425.33	29.5771
1161.41	9.36623
1656.57	13.3594
1629.93	13.1446
1644.46	13.2618
0	50.04
1338.97	15.9402
380.95	47.6187
2207.41	34.4908
98.8694	49.4347
294.187	49.0311
1110.97	42.7296
1263.91	42.1305
1202.57	42.9491
882.157	44.1078
1132.76	43.5677
1668.67	13.457
100.08	50.04
794.183	39.7092
648.502	46.3216
198.949	49.7373
632.764	39.5477
1366.41	42.7005
982.237	37.7783
1238.89	44.2462
879.735	43.9868
1605.72	12.9493
98.8694	49.4347
1386.59	40.7821
571.425	47.6187
1744.54	36.3446
377.318	47.1647
967.709	43.9868
1796.6	28.0718
1855.11	15.7213
1843.81	17.729
2393.85	31.498
2828.87	32.8939
1638.81	13.2162
0	50.04
2184	29.5136
649.713	46.4081
1842.6	15.355
481.03	48.103
567.793	47.316
1957.61	17.172
1793.77	14.7031
1625.09	14.5097
2117.82	30.2546
1976.58	35.2961
1639.62	13.2227
0	50.04
1708.62	25.1268
786.919	43.7177
2187.64	21.4474
198.949	49.7373
477.398	47.7398
1604.1	36.4569
1801.04	36.0207
1456.41	38.3265
1320.41	41.2628
965.288	43.8767
1680.38	13.5514
98.8694	49.4347
814.764	45.2647
970.13	44.0968
0	50.04
1107.34	42.5899
1015.73	42.3221
1054.47	43.9363
1054.47	43.9363
1502.01	39.5265
1624.28	13.0991
100.08	50.04
1261.49	39.4216
558.107	46.509
1430.98	39.7495
569.003	47.4169
384.582	48.0727
2058.5	28.5903
2220.32	33.6413
1006.05	35.9302
1910.4	31.84
1610.97	36.6128
1653.74	13.3366
198.949	49.7373
2008.06	28.6865
665.451	47.5322
1618.23	36.7779
0	50.04
481.03	48.103
1714.68	34.2935
1984.65	34.2181
1035.1	43.1292
1669.88	36.3018
1755.03	35.1006
1621.86	13.0795
198.949	49.7373
1913.63	34.1719
754.635	47.1647
2143.65	28.9682
291.765	48.6276
285.712	47.6187
1425.33	41.9216
1409.19	39.1442
1422.91	41.8503
814.764	45.2647
1262.7	42.0901
1627.91	13.1283
0	50.04
868.84	36.2017
1344.62	42.0195
0	50.04
723.159	45.1974
1532.68	42.5744
1320.41	38.8356
897.895	44.8948
985.869	44.8122
1642.85	13.4659
393.056	49.132
981.026	44.5921
0	50.04
1389.01	40.8533
100.08	50.04
98.8694	49.4347
2294.98	33.7497
1524.2	36.2905
1294.99	38.0878
1963.67	36.3642
1801.04	36.0207
1740.1	14.0331
0	50.04
1733.64	36.1176
763.11	47.6944
2162.62	24.5752
98.8694	49.4347
286.923	47.8205
1646.07	35.7842
2041.95	32.9348
1374.49	34.3621
2254.22	37.5704
1811.93	36.2386
1686.83	13.6035
198.949	49.7373
1914.84	26.595
97.6587	48.8294
2152.93	30.7562
98.8694	49.4347
829.292	46.0718
1229.21	43.9003
1596.44	36.2827
1019.36	42.4735
1052.05	43.8354
1119.44	43.0555
1659.39	13.3822
97.6587	48.8294
1117.02	39.8936
1098.86	42.2639
0	50.04
649.713	46.4081
738.897	46.1811
1060.53	44.1885
929.372	46.4686
1093.21	45.5505
1939.45	15.8972
0	50.04
1013.31	42.2213
0	50.04
1587.16	37.7894
195.317	48.8294
292.976	48.8294
1397.08	36.7654
1944.3	36.0055
656.977	46.9269
1067.79	44.4912
703.788	43.9868
2223.15	17.9286
198.949	49.7373
2020.57	36.0815
383.371	47.9214
2009.27	32.4075
195.317	48.8294
481.03	48.103
1978.19	36.6332
1759.47	33.836
1330.9	36.9695
1263.91	42.1305
1087.97	41.8449
1696.52	13.6816
98.8694	49.4347
1783.68	33.0312
644.87	46.0622
1628.32	38.7695
387.003	48.3754
296.608	49.4347
1493.53	39.3035
1306.29	43.5429
967.709	40.3212
1596.84	38.02
1319.2	41.225
1586.35	12.7931
100.08	50.04
908.791	41.3087
1155.76	44.4524
0	50.04
632.764	39.5477
967.709	43.9868
840.188	46.6771
382.16	47.77
389.424	48.678
1801.04	14.7626
100.08	50.04
960.445	40.0185
198.949	49.7373
1209.84	43.2085
198.949	49.7373
100.08	50.04
1631.95	38.8559
1314.36	41.0737
1591.19	39.7798
1157.78	41.3493
1473.36	40.9265
1663.83	13.418
0	50.04
1499.99	37.4997
195.317	48.8294
1236.07	41.2023
198.949	49.7373
291.765	48.6276
1662.22	39.5766
1546.4	38.6599
735.265	36.7633
1032.68	43.0283
1399.1	43.7219
1642.44	14.159
97.6587	48.8294
1396.28	41.067
195.317	48.8294
1230.02	41.0005
0	50.04
292.976	48.8294
371.265	37.1265
847.452	47.0806
740.108	46.2567
477.398	47.7398
556.897	46.4081
1638.41	13.213
197.739	49.4347
556.897	46.4081
1486.67	41.2965
0	50.04
718.316	35.9158
1144.87	44.0333
390.635	48.8294
286.923	47.8205
655.766	46.8404
2163.83	17.4502
0	50.04
901.527	45.0764
98.8694	49.4347
829.292	46.0718
100.08	50.04
295.397	49.2329
1155.76	44.4524
1228.8	40.9602
285.712	47.6187
195.317	48.8294
464.081	46.4081
2209.43	30.6865
0	50.04
1070.21	44.5921
473.766	47.3766
1548.01	40.7371
0	50.04
290.555	48.4258
1137.6	43.754
1298.62	40.5818
292.976	48.8294
831.713	46.2063
571.425	47.6187
1811.53	14.6091
198.949	49.7373
794.183	39.7092
0	50.04
1194.1	42.6464
98.8694	49.4347
196.528	49.132
734.055	45.8784
632.764	45.1974
292.976	48.8294
97.6587	48.8294
100.08	50.04
2252.2	23.9596
98.8694	49.4347
558.107	46.509
635.185	45.3704
0	50.04
724.369	45.2731
0	50.04
0	50.04
100.08	50.04
0	50.04
558.107	46.509
296.608	49.4347
195.317	48.8294
292.976	48.8294
1113.39	42.8227
0	50.04
388.214	48.5267
296.608	49.4347
197.739	49.4347
802.658	44.5921
467.713	46.7713
198.949	49.7373
479.819	47.9819
1278.44	42.6147
0	50.04
98.8694	49.4347
198.949	49.7373
0	50.04
1467.3	40.7584
285.712	47.6187
0	50.04
295.397	49.2329
1338.17	39.3578
0	50.04
100.08	50.04
0	50.04
100.08	50.04
570.214	47.5178
