124	1248.98
2	98.8694
124	1244.14
124	1416.05
124	1401.52
124	78.6919
124	708.227
124	1632.76
124	397.092
124	800.236
124	1537.52
124	1521.38
124	1335.34
124	1197.33
124	314.768
124	1000.8
124	1177.15
124	976.184
124	865.208
124	1194.1
124	1600.47
124	1537.12
124	1209.84
124	635.589
124	1366.82
124	1367.22
124	1337.36
124	642.853
124	1649.3
124	1539.13
124	1626.3
124	1453.98
92	699.753
16	741.318
4	196.528
24	843.416
22	988.29
124	52.4613
124	1784.89
124	1671.5
124	1688.04
98	451.167
38	1287.72
124	1230.02
124	1810.32
124	508.067
124	1642.04
124	1400.31
124	1630.34
124	0
124	1279.65
124	1347.45
124	1465.69
124	108.555
124	1143.66
124	1487.48
124	1638.81
124	422.515
124	1303.06
124	1436.23
124	1295.79
124	52.4613
124	1484.25
124	1158.99
124	1439.46
124	550.844
124	1072.23
124	1626.7
124	1523.8
124	723.159
124	1328.88
124	1382.15
124	1633.56
124	52.4613
124	1643.65
124	1626.3
124	1400.31
2	100.08
112	1127.11
40	1604.51
2	97.6587
24	1044.79
24	1033.89
12	465.291
10	473.766
30	1228.8
98	2280.86
2	100.08
24	1085.95
56	1680.78
112	2497.96
82	1075.46
30	1263.91
124	886.192
124	1674.73
124	314.768
124	1558.91
124	1580.3
124	1573.03
118	418.076
118	1416.86
124	1617.83
124	1656.57
122	314.768
124	1594.42
124	1427.35
124	1635.99
124	367.229
124	1516.94
124	1560.12
124	1317.59
124	987.079
124	1118.64
124	1657.78
124	1626.3
4	195.317
78	1798.21
80	1433.81
84	2423.71
124	472.152
124	1634.77
124	1655.36
124	1609.75
0	0
124	1111.78
60	2081.1
0	0
26	1124.29
22	971.341
38	1540.75
42	1650.11
44	1718.71
122	1601.68
4	196.528
20	880.946
14	635.185
58	1933.8
2	0
6	292.976
114	1589.17
114	2318.39
124	1139.22
124	1627.51
124	1651.72
124	1495.15
2	100.08
66	1451.97
18	823.239
74	2094.01
18	175.947
20	900.316
120	1351.48
120	1694.9
124	853.908
124	1629.93
124	1626.3
124	1565.77
4	0
124	1499.18
30	1290.55
84	2345.02
18	832.924
86	2560.11
76	2414.83
118	1720.73
92	1546.8
50	1856.73
34	1427.75
122	1803.46
4	195.317
50	1748.98
30	1230.02
2	100.08
14	472.555
22	937.443
36	1387.8
30	1317.18
38	1557.7
124	1745.35
2	100.08
30	1180.78
8	387.003
56	1885.78
4	198.949
16	740.108
116	1412.02
116	1948.74
124	1509.27
124	1629.93
124	1626.3
124	1603.7
4	196.528
62	1623.07
12	558.107
118	2042.76
2	100.08
14	661.819
88	2357.13
118	1879.32
76	1548.01
94	2248.57
74	2344.62
124	1642.04
8	382.16
114	1778.84
80	2345.83
74	1918.47
2	97.6587
36	1530.26
54	1869.64
122	1734.45
58	1875.29
72	2131.95
46	1712.26
124	1562.14
2	98.8694
52	1873.68
52	1766.73
4	198.949
32	1310.73
38	1464.48
34	1291.35
26	1114.6
52	1851.48
124	1675.94
14	675.136
54	1960.03
14	648.502
50	1752.61
4	197.739
10	476.187
44	1641.23
106	2598.45
68	1652.53
56	1882.15
46	1657.78
124	1658.99
0	0
72	2165.44
12	558.107
60	1947.93
4	196.528
16	742.529
104	2169.07
88	2260.68
56	1999.58
76	2172.3
56	1853.09
122	1610.97
12	582.32
98	2596.43
18	848.662
64	2293.37
4	196.528
14	649.713
20	873.682
52	1868.43
44	1686.03
18	792.973
28	1214.68
124	1632.76
2	100.08
42	1500.39
42	1579.89
2	100.08
18	795.394
32	1348.26
36	1252.61
26	1177.55
34	1359.96
122	1619.84
0	0
50	1815.56
8	389.424
46	1652.93
0	0
6	290.555
42	1617.42
60	2006.04
26	843.416
24	1014.52
36	1469.72
124	1647.28
8	390.635
32	1292.57
12	562.95
76	2063.34
4	197.739
8	380.95
50	1703.38
66	2111.37
30	1260.28
42	1567.79
34	1449.55
124	1624.69
6	295.397
56	1869.24
6	294.187
60	1912.82
10	484.662
8	384.582
56	1880.13
52	1815.16
28	1127.92
36	1411.61
30	1234.86
124	1643.25
0	0
56	1837.36
28	1179.57
0	0
20	893.053
22	978.605
14	649.713
20	899.106
32	1403.94
124	1667.46
2	100.08
22	945.917
10	478.608
66	2060.52
2	100.08
6	290.555
32	1150.52
72	2209.43
28	1095.23
28	1220.73
42	1767.54
124	1610.56
0	0
42	1640.42
8	385.792
42	1570.21
2	100.08
10	481.03
32	1372.47
56	1853.09
12	556.897
32	1334.94
50	1872.46
124	1578.68
4	196.528
68	2165.44
10	477.398
54	1978.19
6	294.187
8	380.95
28	1110.97
42	1669.48
24	1015.73
28	1254.63
28	1202.57
122	1712.66
2	98.8694
28	1200.15
22	937.443
0	0
12	556.897
16	736.476
2	98.8694
8	388.214
2	98.8694
120	2199.74
0	0
16	741.318
4	196.528
32	1313.15
10	488.294
12	576.267
28	1197.73
22	954.392
28	1231.63
18	803.868
14	632.764
124	1696.52
8	387.003
42	1569.4
0	0
34	1409.59
4	196.528
6	285.712
26	1023
24	1043.58
10	380.95
10	479.819
0	0
124	2322.42
4	196.528
22	780.866
4	198.949
30	1228.8
0	0
4	198.949
20	812.343
24	1021.78
8	380.95
20	889.421
6	286.923
124	1737.68
0	0
14	646.081
32	1379.73
0	0
16	728.001
0	0
0	0
0	0
0	0
44	1716.29
12	561.739
2	100.08
16	724.369
28	1186.84
0	0
8	393.056
2	100.08
4	198.949
42	1567.79
12	569.003
2	100.08
16	741.318
40	1560.93
2	100.08
6	286.923
8	382.16
2	100.08
34	1391.43
14	659.398
0	0
2	100.08
32	1310.73
0	0
0	0
0	0
2	100.08
30	1273.6
