0	50.04
0	50.04
0	50.04
0	50.04
8	48.8294
6	48.0223
2	50.04
0	50.04
16	47.0891
12	46.4081
26	42.8227
122	14.316
110	14.9313
122	13.3568
18	43.9868
26	45.4768
24	43.8354
14	48.224
60	38.8617
68	36.082
26	44.5455
30	41.0409
124	13.1999
54	38.5912
4	48.8294
54	38.7855
0	50.04
4	49.4347
0	50.04
0	50.04
0	50.04
4	49.7373
0	50.04
0	50.04
0	50.04
2	49.4347
4	49.7373
2	50.04
0	50.04
0	50.04
76	25.0465
0	50.04
8	47.9214
0	50.04
6	49.0311
6	48.8294
8	47.6187
50	34.6567
58	37.2865
122	15.1397
78	27.0377
122	14.4351
124	11.7354
10	48.8294
44	35.9158
16	45.1974
42	37.9047
10	47.0134
14	46.4081
50	36.0934
86	28.5581
120	14.1007
68	33.18
70	31.7074
124	13.2943
2	49.4347
52	37.2894
14	45.1974
66	35.5489
0	50.04
0	50.04
4	49.7373
14	47.6187
2	49.4347
0	50.04
2	50.04
12	45.2983
0	50.04
2	49.4347
0	50.04
0	50.04
10	38.095
12	46.509
24	43.5328
32	43.0788
42	40.9025
124	13.2325
0	50.04
30	39.4401
2	49.4347
18	45.1974
2	50.04
10	47.6187
88	16.3345
64	34.1124
122	12.6225
124	13.2227
124	13.1153
124	12.9428
4	49.132
76	18.1384
22	44.0418
58	34.7399
10	48.224
6	47.6187
84	23.3914
108	19.3591
92	19.8002
122	13.671
124	13.5156
124	13.1153
4	49.132
50	31.0167
10	47.2555
26	42.0777
2	50.04
0	50.04
14	47.0999
12	47.1143
8	48.5267
14	46.4945
12	47.2152
122	13.3138
0	50.04
6	48.8294
4	48.5267
2	50.04
20	45.8633
14	45.9757
30	43.1393
12	46.4081
34	40.6041
124	12.9786
4	49.7373
40	36.8238
2	48.8294
50	38.6841
0	50.04
4	48.8294
78	25.6615
98	23.7023
78	19.3238
62	33.0324
38	40.1
124	13.2455
8	48.678
36	39.1778
24	44.693
80	28.0214
4	48.8294
36	40.0858
124	13.9647
124	13.2813
38	34.4821
34	39.5715
36	39.4132
118	15.4067
4	49.7373
32	41.0358
10	46.6502
28	42.214
2	50.04
6	49.4347
32	39.6486
28	42.8626
30	43.785
20	43.9868
22	44.1519
124	13.0535
0	50.04
8	47.6187
20	44.2289
0	50.04
20	44.7737
12	46.4081
34	38.7288
20	44.7737
18	45.9373
124	13.3627
2	49.4347
22	35.9892
4	48.224
24	43.785
2	48.8294
12	47.9214
48	34.949
70	30.5832
52	35.2174
50	36.4808
42	38.5677
124	13.1772
2	50.04
42	37.7606
12	46.4081
68	30.7587
0	50.04
6	47.6187
66	32.8892
58	34.0094
38	39.4946
58	35.1783
50	36.3355
124	13.1869
2	50.04
44	32.8158
16	47.2404
44	36.9155
0	50.04
0	50.04
24	44.0372
26	42.1708
28	36.0167
26	44.5455
52	35.6752
124	13.5449
6	49.4347
30	41.0409
24	43.8354
2	50.04
34	42.9186
18	44.9956
10	46.4081
34	42.7405
34	41.7791
124	14.6547
4	49.4347
26	43.1486
8	47.6187
40	39.5377
0	50.04
6	47.6187
42	34.1479
54	34.8173
42	39.8072
42	40.3837
44	39.0892
122	12.9731
0	50.04
44	36.0992
14	46.754
54	34.7948
4	48.8294
4	49.7373
54	36.1176
36	39.1106
30	36.2655
28	42.4735
42	37.9335
124	13.8476
0	50.04
42	36.9919
18	46.8789
64	31.6912
6	49.4347
6	49.2329
16	45.1974
40	38.1757
42	31.9956
32	42.5491
22	44.6471
124	12.9363
0	50.04
24	44.7434
28	41.3493
2	48.8294
22	35.8791
26	45.1974
24	37.3114
14	45.8027
18	46.2063
122	13.6512
0	50.04
38	39.2079
0	50.04
28	42.5599
4	49.7373
8	48.0727
42	39.8072
58	33.2997
30	39.3191
22	44.7572
20	45.6211
124	13.3952
0	50.04
36	41.1283
6	49.0311
52	34.3016
4	49.132
4	49.4347
64	31.0984
48	37.6813
36	41.6664
32	41.7546
46	37.2493
124	12.9363
2	48.8294
32	39.5982
14	45.6298
50	36.0692
2	50.04
4	48.8294
36	37.9111
36	41.2965
18	43.9868
16	45.4244
30	43.8657
124	13.5547
4	49.7373
26	43.9402
22	43.3815
0	50.04
8	47.4674
20	45.6211
14	45.4568
28	42.9923
18	45.3992
118	14.6953
0	50.04
24	43.3815
0	50.04
22	44.9223
4	49.7373
6	49.4347
34	40.8889
42	38.02
24	24.7005
28	43.0356
20	43.9868
124	13.4863
0	50.04
32	40.254
10	48.103
46	36.8808
4	49.7373
10	47.0134
46	35.9158
20	44.0473
28	38.5965
24	43.6337
22	44.0968
124	13.1674
8	49.132
44	37.3649
4	48.8294
32	40.3548
2	50.04
2	50.04
18	43.9868
30	41.969
8	48.224
6	49.0311
4	48.8294
98	23.6776
2	49.4347
20	45.1369
24	43.5832
0	50.04
4	48.8294
10	47.6187
4	49.4347
4	49.7373
6	48.8294
108	21.1639
0	50.04
10	48.103
4	49.7373
12	46.6098
2	49.4347
6	49.2329
18	44.1213
18	44.4576
12	48.5267
6	49.2329
2	48.8294
106	23.1888
0	50.04
26	42.1708
2	50.04
24	43.3815
2	50.04
2	50.04
16	45.2731
22	43.5465
18	46.0045
18	47.0134
12	46.4081
124	13.2715
0	50.04
22	39.988
6	48.8294
34	41.2806
4	49.132
2	50.04
18	44.1885
20	45.0158
8	48.8294
6	49.0311
6	49.0311
124	18.9049
2	50.04
10	48.4662
20	45.6817
0	50.04
14	45.9757
0	50.04
0	50.04
0	50.04
0	50.04
16	45.1974
4	49.4347
0	50.04
10	48.103
22	43.9868
2	50.04
2	50.04
2	50.04
6	49.4347
24	42.2213
12	46.7107
4	49.7373
12	47.6187
32	42.5113
0	50.04
8	48.9807
6	47.8205
4	49.7373
20	44.5921
16	46.7107
2	50.04
4	48.8294
30	41.1216
0	50.04
0	50.04
0	50.04
0	50.04
8	48.5267
