124	1247.77
4	196.528
124	1239.3
124	1447.53
124	1667.46
124	131.153
124	836.152
124	1613.79
124	564.161
124	603.305
124	1608.14
124	1589.17
124	1730.42
124	1267.95
124	262.306
124	950.356
124	1487.48
124	918.073
124	790.955
124	1395.47
124	1758.26
124	1600.88
124	1089.18
124	564.161
124	1036.31
124	1404.75
124	808.711
124	681.997
124	1324.85
124	1336.15
124	1626.3
124	1359.96
112	983.044
8	380.95
0	0
20	805.079
30	1271.18
124	131.153
48	1788.12
66	1914.84
124	1767.14
108	474.573
36	1449.14
124	1205.4
124	1801.84
124	340.998
124	1581.1
124	1271.58
124	1631.14
124	0
122	1211.86
124	1418.47
124	1465.69
124	104.923
124	1149.71
124	1635.99
124	1678.36
124	445.921
124	1464.07
124	1422.1
124	1592.4
124	0
124	1393.05
124	1314.36
124	1269.97
124	611.779
124	1115
124	1539.54
124	1635.99
124	481.03
124	1087.56
124	1229.61
124	1623.07
124	0
124	1355.92
124	1631.14
124	1530.26
0	0
102	1130.34
34	1405.96
2	100.08
20	920.897
26	1103.7
32	1336.15
10	464.081
28	1146.88
124	1787.72
6	296.608
38	1578.28
58	1833.72
120	1811.13
42	455.203
40	1568.19
124	1242.53
124	1744.94
124	447.132
124	1694.1
124	1655.36
124	1468.92
98	250.604
118	1305.48
48	1349.47
92	2094.01
124	471.345
124	1741.31
124	1316.37
124	1726.78
124	367.229
124	1556.08
124	1644.46
124	1390.22
52	137.206
124	1345.43
74	2213.06
112	2093.61
12	189.264
82	2606.92
76	1273.2
124	2050.03
124	577.074
124	1661.41
124	1638.41
124	1635.99
6	296.608
120	1632.35
34	1339.38
4	195.317
30	1303.86
22	953.181
14	647.292
24	1018.15
34	1340.59
124	1639.62
6	296.608
32	1256.65
18	815.975
44	1677.55
0	0
4	198.949
112	1640.02
122	2342.19
124	1079.49
124	1601.28
124	1627.51
124	1607.33
4	195.317
76	1321.22
24	1062.95
110	2357.93
12	378.528
10	466.502
104	1331.71
94	2211.04
124	1173.52
124	1631.14
124	1644.46
124	1612.18
2	97.6587
120	1464.07
70	2255.84
124	1746.15
8	390.635
38	1488.69
40	1483.85
124	2352.69
102	1228
56	1853.09
30	1255.44
124	1649.3
2	97.6587
44	1621.05
60	2021.78
2	100.08
16	723.159
22	967.709
34	1484.65
24	1087.16
26	1130.34
116	2211.85
4	196.528
26	1097.65
16	724.369
72	2107.73
4	195.317
14	663.03
124	1744.54
120	3184
100	1341.8
84	2010.88
118	2047.6
124	1627.91
8	385.792
86	2476.58
30	1238.49
122	1845.83
12	569.003
34	1420.49
122	1787.72
124	1713.47
92	1419.28
76	2341.79
56	1886.99
124	1637.6
8	382.16
116	1734.45
36	1424.93
116	1934.21
10	473.766
34	1361.17
44	1519.36
102	2468.51
52	1865.2
70	2235.25
36	1506.04
124	1646.88
2	97.6587
42	1408.79
50	1912.42
4	196.528
48	1630.34
42	1696.11
42	1638
44	1710.24
52	1982.23
124	1653.34
0	0
38	1485.06
16	748.582
78	2345.02
2	97.6587
16	744.95
60	1909.59
96	2644.05
32	1145.67
46	1709.83
40	1517.34
124	1747.36
2	98.8694
30	1230.02
20	943.9
98	2232.03
8	291.765
8	380.95
48	1660.2
90	2052.04
38	1405.56
68	2044.38
62	1995.95
124	1624.28
4	198.949
76	2108.14
14	667.873
106	2100.87
0	0
20	893.053
30	1146.88
56	1868.83
50	1518.15
34	1420.49
16	706.21
122	1716.29
4	196.528
52	1868.43
30	1262.7
0	0
30	1266.33
16	743.74
18	703.788
32	1360.36
32	1360.36
124	1672.3
2	97.6587
42	1463.27
6	290.555
38	1492.32
0	0
16	726.791
50	1781.67
40	1564.56
36	1378.12
44	1665.44
68	2338.56
124	1607.33
2	100.08
38	1441.88
18	825.66
56	1885.78
2	100.08
8	382.16
66	2117.82
68	2163.02
26	843.416
28	1149.31
48	1704.59
124	1699.34
4	198.949
64	2062.94
12	561.739
74	2075.85
8	391.845
0	0
46	1663.83
56	2034.69
58	2091.19
40	1585.14
30	1262.7
124	1568.19
0	0
42	1636.79
32	1359.15
0	0
22	954.392
20	882.157
20	899.106
16	740.108
6	286.923
112	1743.73
0	0
38	1621.86
10	488.294
26	1100.07
0	0
6	285.712
34	1253.82
54	1903.13
32	1259.07
20	901.527
30	1294.18
122	1647.28
2	100.08
38	1418.88
12	569.003
34	1358.75
2	98.8694
10	466.502
40	1593.61
54	1852.29
32	1203.78
38	1572.22
28	1240.1
124	1644.46
6	294.187
58	1836.15
8	382.16
32	1291.35
2	97.6587
2	100.08
30	1265.12
38	1561.33
24	1070.21
20	889.421
24	1095.63
124	1647.28
0	0
26	845.837
18	824.449
0	0
12	572.635
18	840.188
26	1172.71
20	917.265
18	806.29
122	1698.13
0	0
18	813.554
6	296.608
30	1291.76
0	0
2	97.6587
30	1292.97
38	1505.64
16	734.055
16	724.369
12	553.265
124	1908.38
4	198.949
22	981.026
14	664.241
38	1534.69
2	97.6587
8	391.845
38	1517.75
38	1577.07
18	709.842
12	556.897
28	1219.52
82	1983.44
0	0
30	1255.44
4	195.317
44	1650.92
4	198.949
4	195.317
12	558.107
18	792.973
12	572.635
2	97.6587
8	383.371
122	1866.41
0	0
12	465.291
14	647.292
0	0
8	380.95
0	0
0	0
0	0
2	100.08
42	1593.21
2	97.6587
6	295.397
12	558.107
28	1207.42
0	0
6	291.765
4	196.528
0	0
56	1908.78
6	292.976
4	198.949
12	556.897
26	1133.97
0	0
6	294.187
4	198.949
2	100.08
28	1224.37
14	649.713
2	100.08
4	197.739
30	1301.44
0	0
4	198.949
0	0
0	0
24	1076.26
