8	382.16
14	664.241
6	288.134
94	2144.46
122	1746.56
12	571.425
28	1181.99
52	1853.9
6	285.712
30	1040.75
52	1768.35
40	1635.99
78	2418.87
124	2303.05
22	966.498
20	882.157
72	2251.8
26	1094.02
28	1109.76
40	1565.77
92	2332.51
36	1485.46
124	1778.84
36	1338.57
10	477.398
42	1593.21
24	1041.15
4	195.317
32	1357.94
78	2328.07
6	292.976
124	1855.11
8	389.424
6	294.187
0	0
14	632.764
16	729.212
14	664.241
20	905.159
46	1741.31
124	1658.18
10	479.819
28	1030.26
36	1492.73
90	2068.99
2	100.08
14	640.028
88	2327.26
124	1960.44
20	802.658
38	1489.9
82	2290.94
124	1734.05
8	391.845
46	1707.41
42	1634.37
122	2075.85
2	97.6587
60	2119.84
66	2161
116	1806.28
20	924.529
82	2070.61
36	1474.57
124	1895.47
4	196.528
50	1673.11
12	556.897
116	1994.74
0	0
46	1740.1
12	549.633
114	2173.11
10	380.95
84	2174.32
2	97.6587
124	1844.62
4	198.949
18	846.241
8	376.107
2	100.08
26	1057.7
14	632.764
12	559.318
14	652.134
30	1285.71
124	1899.91
10	482.24
26	999.993
62	2120.65
124	1945.91
10	476.187
28	1157.78
106	2398.69
124	1949.54
34	1402.33
58	1944.7
112	2076.66
124	1719.52
2	97.6587
74	2331.3
66	2337.76
122	1949.95
8	389.424
64	2186.83
60	2055.68
124	1897.48
26	941.075
120	2318.79
46	1652.93
124	1719.52
8	380.95
88	2113.79
28	1162.62
106	2425.33
6	295.397
48	1730.01
46	1797
118	2029.44
22	900.316
40	1541.55
22	976.184
124	1701.76
2	100.08
26	1012.1
30	1302.65
2	100.08
30	1319.6
20	868.84
8	380.95
10	477.398
82	2243.73
124	1668.27
6	292.976
42	1662.22
64	1970.12
114	1770.37
28	1165.04
42	1618.63
120	1864.39
124	1713.47
32	1254.23
50	1814.35
68	2035.9
124	1690.87
4	195.317
74	2274.4
64	2011.69
122	1771.98
4	195.317
70	2359.95
66	2274.8
124	1727.99
18	824.449
78	2095.63
66	2208.22
122	1751.4
6	290.555
108	2481.82
26	1096.44
124	1907.17
4	196.528
82	2017.74
48	1671.5
106	1845.43
24	999.186
76	2421.69
16	740.108
124	1713.47
2	100.08
22	958.024
18	791.762
8	387.003
26	1126.71
24	1054.47
14	454.395
22	1010.08
70	2188.04
124	1767.95
2	98.8694
24	954.392
52	1781.26
124	2175.93
6	294.187
14	658.187
92	2543.16
122	1973.35
24	933.811
64	2246.15
86	2121.86
124	1647.28
2	97.6587
78	2212.25
38	1488.69
122	1849.46
10	476.187
58	1942.28
72	2132.35
124	1845.43
18	819.607
64	2023.8
68	2088.36
124	1706.2
8	285.712
88	2525.81
24	1031.47
124	1843.01
4	198.949
46	1665.44
30	1173.52
108	2543.57
16	643.66
52	1783.68
28	1194.1
124	1684.41
2	100.08
26	1156.97
24	1039.94
8	393.056
36	1317.59
16	703.788
20	709.842
24	1062.95
58	2034.29
124	1700.55
6	289.344
38	1404.75
78	2282.07
120	1768.75
14	655.766
44	1648.5
120	2101.68
124	1737.68
20	704.999
48	1792.97
94	2460.43
122	1658.58
2	97.6587
100	2112.17
46	1743.73
124	1835.74
6	190.475
32	1307.09
78	2470.93
122	1905.15
26	987.886
70	2040.34
46	1661.41
124	1744.14
4	196.528
124	2183.6
56	2103.7
124	1782.88
2	97.6587
82	2166.65
50	1933
122	1860.36
4	195.317
50	1799.83
6	292.976
104	2711.85
6	294.187
34	1332.11
24	1015.73
0	0
26	905.966
22	954.392
24	1061.74
22	1013.71
80	2139.61
124	1732.84
8	390.635
42	1600.47
72	2073.84
124	1892.64
10	479.819
30	1221.54
102	2321.21
118	1756.24
20	879.735
62	2057.69
100	2173.92
124	1666.25
4	198.949
92	2351.48
48	1802.65
124	1891.43
4	195.317
42	1640.42
82	2553.65
122	1763.51
22	993.133
88	2085.13
46	1741.31
124	1684.41
2	97.6587
104	2258.66
24	1053.26
124	1821.21
2	98.8694
62	2140.02
18	703.788
114	2022.99
32	1373.68
94	2511.28
22	954.392
124	1648.5
2	100.08
56	1934.21
20	889.421
0	0
42	1488.69
24	1016.94
12	374.896
10	472.555
70	2114.19
124	1587.56
8	393.056
36	1433.81
62	2069.8
122	1947.52
4	197.739
34	1401.12
120	2169.88
124	1863.59
18	799.026
60	1979.4
92	2154.54
124	1698.94
8	388.214
80	2366.41
58	1837.36
122	1612.98
6	296.608
56	1997.16
68	2083.12
124	1853.09
26	1135.18
92	2336.14
46	1717.1
124	1648.09
6	285.712
104	2026.22
30	1228.8
122	1920.08
2	98.8694
50	1901.52
38	1525.01
124	2114.19
10	481.03
58	2170.28
4	195.317
124	2277.63
2	98.8694
38	1387.4
18	813.554
0	0
30	1067.39
22	967.709
16	552.054
18	828.081
82	2430.57
124	1753.42
28	1194.1
102	2472.94
124	1734.85
124	1700.15
20	888.21
80	2087.15
124	1657.78
124	1589.58
18	822.028
38	1387.4
78	2138.4
120	1656.16
28	1290.95
124	2088.77
124	2062.13
124	1654.95
10	472.555
118	2331.7
122	2302.24
124	1786.51
14	644.87
56	1919.68
28	1215.89
114	2163.42
10	468.923
120	1756.65
80	2391.83
124	1859.95
6	285.712
116	2366.41
92	2686.02
122	1727.59
26	1053.26
90	2394.66
14	669.083
124	1754.63
4	196.528
32	1291.35
32	1291.35
2	97.6587
34	1323.64
12	571.425
6	296.608
116	1725.57
84	2333.32
122	1704.18
124	1668.67
22	783.287
84	1870.85
124	1907.17
0	0
28	1120.65
80	1880.54
76	1976.18
124	1725.57
124	1668.67
76	2023.39
124	1794.58
124	1697.73
10	478.608
108	2346.23
18	794.183
12	555.686
122	1821.62
112	1867.22
100	2472.54
124	1692.89
124	1642.04
6	294.187
124	1795.39
20	928.161
4	197.739
64	2053.66
