0	50.04
0	50.04
0	50.04
0	50.04
0	50.04
0	50.04
0	50.04
2	50.04
0	50.04
6	47.8205
0	50.04
4	49.7373
8	48.8294
84	28.234
2	48.8294
0	50.04
2	49.4347
2	50.04
2	48.8294
12	46.0045
0	50.04
6	47.8205
98	26.6054
10	46.4081
2	50.04
14	46.2351
0	50.04
0	50.04
2	48.8294
0	50.04
0	50.04
0	50.04
0	50.04
0	50.04
0	50.04
0	50.04
0	50.04
0	50.04
0	50.04
0	50.04
14	46.4081
0	50.04
0	50.04
2	50.04
8	48.0727
0	50.04
2	50.04
28	43.0356
24	43.6337
48	36.9499
56	33.091
62	30.7283
124	13.5937
2	50.04
48	37.7822
2	49.4347
50	37.6914
2	49.4347
4	49.132
26	44.7783
30	38.2295
56	35.6636
48	36.3698
64	30.6697
124	13.1999
0	50.04
34	41.2806
4	49.132
34	39.9988
0	50.04
2	50.04
4	49.7373
6	49.4347
0	50.04
2	50.04
0	50.04
12	48.224
0	50.04
0	50.04
0	50.04
0	50.04
10	46.5291
4	49.4347
4	49.7373
0	50.04
4	49.4347
122	17.7594
2	50.04
6	47.6187
2	49.4347
18	46.0718
6	49.4347
6	49.2329
46	29.8363
56	34.1287
50	36.0449
68	29.459
60	31.5171
124	13.4277
2	49.4347
58	34.1972
4	48.8294
82	25.4875
8	47.9214
8	49.132
110	16.5271
124	16.9425
62	31.5744
50	36.1741
74	33.2382
124	12.8615
0	50.04
34	36.355
6	47.6187
48	36.395
0	50.04
0	50.04
4	49.4347
10	47.4976
2	49.4347
0	50.04
6	48.224
38	37.084
0	50.04
0	50.04
6	49.4347
0	50.04
18	46.6771
12	47.7196
20	44.2894
30	41.4041
16	45.1974
114	15.8481
4	49.7373
22	45.4175
0	50.04
24	44.1885
4	49.7373
8	48.678
26	43.6608
52	36.1176
54	35.6841
46	38.6968
44	39.3093
124	14.8955
6	49.4347
34	38.3015
8	46.7107
74	31.504
4	49.4347
4	48.8294
86	23.0163
58	34.6565
60	30.6562
30	42.0901
34	39.9988
124	13.4701
4	49.7373
40	40.3246
4	48.8294
58	32.5274
4	49.4347
6	48.8294
20	40.6171
18	44.9956
26	41.2395
28	41.0466
18	45.1974
124	13.8183
0	50.04
10	47.6187
12	47.1143
0	50.04
26	33.4169
12	46.4081
36	41.431
46	40.1443
22	42.7761
124	13.5742
2	50.04
34	37.3401
6	49.4347
32	41.8681
0	50.04
12	45.1974
52	32.9823
34	39.1442
48	35.3273
42	38.9424
54	33.4721
124	13.8866
0	50.04
78	28.8744
14	46.6675
48	37.7822
0	50.04
4	48.8294
60	32.8959
64	32.5235
40	33.2423
44	37.3833
52	34.9069
124	12.7313
4	49.4347
42	39.0001
12	46.0045
46	36.1702
2	50.04
4	49.7373
36	34.7948
36	42.4062
32	40.7836
38	41.8204
42	39.1442
124	13.4277
0	50.04
34	40.5685
24	44.693
0	50.04
28	43.1653
18	43.9868
14	38.7406
14	45.1974
12	46.6098
110	15.8338
0	50.04
28	43.295
6	49.4347
28	43.7706
2	50.04
6	49.0311
44	31.6877
46	37.8546
44	39.5844
38	38.5389
30	42.1305
124	13.5417
6	48.224
38	36.5105
2	49.4347
56	37.2418
2	48.8294
8	48.678
38	37.084
64	32.3721
44	33.999
36	41.061
46	37.0387
124	13.3334
0	50.04
38	36.7654
14	46.9269
60	33.3129
0	50.04
2	48.8294
32	36.0293
30	42.1708
12	46.4081
24	45.0461
22	43.7116
124	12.9363
0	50.04
26	35.683
20	45.1974
0	50.04
14	40.0378
28	43.0788
30	44.6728
48	40.9854
20	45.4395
124	14.1828
0	50.04
24	43.9363
2	50.04
24	43.4319
0	50.04
6	48.4258
32	33.772
34	41.8147
38	36.0751
38	40.9283
28	41.479
124	13.3985
0	50.04
32	38.1353
10	47.8608
50	36.7471
2	49.4347
6	48.8294
54	32.6575
38	38.5389
20	44.9553
26	43.8471
42	38.4524
124	12.7638
4	48.8294
42	35.3874
6	49.0311
52	34.6276
0	50.04
4	49.132
24	44.693
34	40.1412
26	43.8936
14	45.2839
18	44.6594
124	13.1479
0	50.04
24	43.6337
18	46.2063
4	49.7373
36	38.1465
16	46.7107
26	43.9402
4	49.132
8	48.678
124	14.4627
0	50.04
18	44.7939
2	50.04
36	41.0947
0	50.04
12	47.5178
36	35.7701
34	39.1798
20	40.7382
16	46.3324
14	45.1974
124	13.3919
2	49.4347
38	39.7177
0	50.04
30	42.2112
2	50.04
2	49.4347
32	40.9223
38	41.5655
20	39.6486
28	42.3438
28	43.9868
124	15.2047
4	49.7373
34	37.3401
4	49.132
34	40.5329
4	49.4347
0	50.04
34	36.8772
28	43.4679
22	45.8027
12	46.6098
26	44.173
124	13.7206
2	50.04
12	46.4081
20	46.4686
2	50.04
16	46.0297
8	47.9214
8	35.714
2	48.8294
16	45.9541
62	31.8803
2	49.4347
18	47.0806
0	50.04
18	46.2063
0	50.04
12	48.224
22	40.3182
30	41.283
14	39.8648
12	46.4081
14	45.1974
124	13.8573
4	49.7373
24	42.423
6	49.4347
22	45.0874
0	50.04
0	50.04
16	44.1381
20	45.1974
6	49.4347
2	48.8294
2	48.8294
88	31.1237
0	50.04
20	45.1369
6	48.8294
40	38.6902
0	50.04
2	49.4347
12	46.4081
28	42.4735
10	46.8923
6	47.8205
4	49.7373
120	14.6589
0	50.04
12	46.4081
6	47.6187
0	50.04
8	48.0727
0	50.04
0	50.04
2	50.04
0	50.04
16	46.3324
8	48.678
0	50.04
2	48.8294
28	43.3382
0	50.04
0	50.04
0	50.04
0	50.04
26	43.428
4	48.8294
2	50.04
6	47.6187
12	47.0134
2	50.04
2	50.04
6	49.2329
6	48.8294
18	46.0045
10	47.9819
0	50.04
6	48.8294
22	45.0874
0	50.04
0	50.04
0	50.04
0	50.04
10	48.103
