0	50.04
0	50.04
0	50.04
0	50.04
0	50.04
0	50.04
0	50.04
100.08	50.04
0	50.04
286.923	47.8205
0	50.04
198.949	49.7373
390.635	48.8294
2371.65	28.234
97.6587	48.8294
0	50.04
98.8694	49.4347
100.08	50.04
97.6587	48.8294
552.054	46.0045
0	50.04
286.923	47.8205
2607.33	26.6054
464.081	46.4081
100.08	50.04
647.292	46.2351
0	50.04
0	50.04
97.6587	48.8294
0	50.04
0	50.04
0	50.04
0	50.04
0	50.04
0	50.04
0	50.04
0	50.04
0	50.04
0	50.04
0	50.04
649.713	46.4081
0	50.04
0	50.04
100.08	50.04
384.582	48.0727
0	50.04
100.08	50.04
1205	43.0356
1047.21	43.6337
1773.6	36.9499
1853.09	33.091
1905.15	30.7283
1685.62	13.5937
100.08	50.04
1813.55	37.7822
98.8694	49.4347
1884.57	37.6914
98.8694	49.4347
196.528	49.132
1164.24	44.7783
1146.88	38.2295
1997.16	35.6636
1745.75	36.3698
1962.86	30.6697
1636.79	13.1999
0	50.04
1403.54	41.2806
196.528	49.132
1359.96	39.9988
0	50.04
100.08	50.04
198.949	49.7373
296.608	49.4347
0	50.04
100.08	50.04
0	50.04
578.688	48.224
0	50.04
0	50.04
0	50.04
0	50.04
465.291	46.5291
197.739	49.4347
198.949	49.7373
0	50.04
197.739	49.4347
2166.65	17.7594
100.08	50.04
285.712	47.6187
98.8694	49.4347
829.292	46.0718
296.608	49.4347
295.397	49.2329
1372.47	29.8363
1911.21	34.1287
1802.25	36.0449
2003.21	29.459
1891.03	31.5171
1665.04	13.4277
98.8694	49.4347
1983.44	34.1972
195.317	48.8294
2089.98	25.4875
383.371	47.9214
393.056	49.132
1817.99	16.5271
2100.87	16.9425
1957.61	31.5744
1808.7	36.1741
2459.63	33.2382
1594.82	12.8615
0	50.04
1236.07	36.355
285.712	47.6187
1746.96	36.395
0	50.04
0	50.04
197.739	49.4347
474.976	47.4976
98.8694	49.4347
0	50.04
289.344	48.224
1409.19	37.084
0	50.04
0	50.04
296.608	49.4347
0	50.04
840.188	46.6771
572.635	47.7196
885.789	44.2894
1242.12	41.4041
723.159	45.1974
1806.69	15.8481
198.949	49.7373
999.186	45.4175
0	50.04
1060.53	44.1885
198.949	49.7373
389.424	48.678
1135.18	43.6608
1878.11	36.1176
1926.94	35.6841
1780.05	38.6968
1729.61	39.3093
1847.04	14.8955
296.608	49.4347
1302.25	38.3015
373.686	46.7107
2331.3	31.504
197.739	49.4347
195.317	48.8294
1979.4	23.0163
2010.07	34.6565
1839.37	30.6562
1262.7	42.0901
1359.96	39.9988
1670.29	13.4701
198.949	49.7373
1612.98	40.3246
195.317	48.8294
1886.59	32.5274
197.739	49.4347
292.976	48.8294
812.343	40.6171
809.922	44.9956
1072.23	41.2395
1149.31	41.0466
813.554	45.1974
1713.47	13.8183
0	50.04
476.187	47.6187
565.371	47.1143
0	50.04
868.84	33.4169
556.897	46.4081
1491.51	41.431
1846.64	40.1443
941.075	42.7761
1683.2	13.5742
100.08	50.04
1269.56	37.3401
296.608	49.4347
1339.78	41.8681
0	50.04
542.369	45.1974
1715.08	32.9823
1330.9	39.1442
1695.71	35.3273
1635.58	38.9424
1807.49	33.4721
1721.94	13.8866
0	50.04
2252.2	28.8744
653.345	46.6675
1813.55	37.7822
0	50.04
195.317	48.8294
1973.76	32.8959
2081.5	32.5235
1329.69	33.2423
1644.86	37.3833
1815.16	34.9069
1578.68	12.7313
197.739	49.4347
1638	39.0001
552.054	46.0045
1663.83	36.1702
100.08	50.04
198.949	49.7373
1252.61	34.7948
1526.62	42.4062
1305.08	40.7836
1589.17	41.8204
1644.06	39.1442
1665.04	13.4277
0	50.04
1379.33	40.5685
1072.63	44.693
0	50.04
1208.63	43.1653
791.762	43.9868
542.369	38.7406
632.764	45.1974
559.318	46.6098
1741.71	15.8338
0	50.04
1212.26	43.295
296.608	49.4347
1225.58	43.7706
100.08	50.04
294.187	49.0311
1394.26	31.6877
1741.31	37.8546
1741.71	39.5844
1464.48	38.5389
1263.91	42.1305
1679.16	13.5417
289.344	48.224
1387.4	36.5105
98.8694	49.4347
2085.54	37.2418
97.6587	48.8294
389.424	48.678
1409.19	37.084
2071.82	32.3721
1495.95	33.999
1478.2	41.061
1703.78	37.0387
1653.34	13.3334
0	50.04
1397.08	36.7654
656.977	46.9269
1998.78	33.3129
0	50.04
97.6587	48.8294
1152.94	36.0293
1265.12	42.1708
556.897	46.4081
1081.11	45.0461
961.656	43.7116
1604.1	12.9363
0	50.04
927.758	35.683
903.948	45.1974
0	50.04
560.529	40.0378
1206.21	43.0788
1340.18	44.6728
1967.3	40.9854
908.791	45.4395
1758.66	14.1828
0	50.04
1054.47	43.9363
100.08	50.04
1042.37	43.4319
0	50.04
290.555	48.4258
1080.7	33.772
1421.7	41.8147
1370.85	36.0751
1555.28	40.9283
1161.41	41.479
1661.41	13.3985
0	50.04
1220.33	38.1353
478.608	47.8608
1837.36	36.7471
98.8694	49.4347
292.976	48.8294
1763.51	32.6575
1464.48	38.5389
899.106	44.9553
1140.02	43.8471
1615	38.4524
1582.72	12.7638
195.317	48.8294
1486.27	35.3874
294.187	49.0311
1800.63	34.6276
0	50.04
196.528	49.132
1072.63	44.693
1364.8	40.1412
1141.23	43.8936
633.975	45.2839
803.868	44.6594
1630.34	13.1479
0	50.04
1047.21	43.6337
831.713	46.2063
198.949	49.7373
1373.28	38.1465
747.372	46.7107
1142.45	43.9402
196.528	49.132
389.424	48.678
1793.37	14.4627
0	50.04
806.29	44.7939
100.08	50.04
1479.41	41.0947
0	50.04
570.214	47.5178
1287.72	35.7701
1332.11	39.1798
814.764	40.7382
741.318	46.3324
632.764	45.1974
1660.6	13.3919
98.8694	49.4347
1509.27	39.7177
0	50.04
1266.33	42.2112
100.08	50.04
98.8694	49.4347
1309.51	40.9223
1579.49	41.5655
792.973	39.6486
1185.63	42.3438
1231.63	43.9868
1885.38	15.2047
198.949	49.7373
1269.56	37.3401
196.528	49.132
1378.12	40.5329
197.739	49.4347
0	50.04
1253.82	36.8772
1217.1	43.4679
1007.66	45.8027
559.318	46.6098
1148.5	44.173
1701.36	13.7206
100.08	50.04
556.897	46.4081
929.372	46.4686
100.08	50.04
736.476	46.0297
383.371	47.9214
285.712	35.714
97.6587	48.8294
735.265	45.9541
1976.58	31.8803
98.8694	49.4347
847.452	47.0806
0	50.04
831.713	46.2063
0	50.04
578.688	48.224
886.999	40.3182
1238.49	41.283
558.107	39.8648
556.897	46.4081
632.764	45.1974
1718.31	13.8573
198.949	49.7373
1018.15	42.423
296.608	49.4347
991.922	45.0874
0	50.04
0	50.04
706.21	44.1381
903.948	45.1974
296.608	49.4347
97.6587	48.8294
97.6587	48.8294
2738.88	31.1237
0	50.04
902.738	45.1369
292.976	48.8294
1547.61	38.6902
0	50.04
98.8694	49.4347
556.897	46.4081
1189.26	42.4735
468.923	46.8923
286.923	47.8205
198.949	49.7373
1759.07	14.6589
0	50.04
556.897	46.4081
285.712	47.6187
0	50.04
384.582	48.0727
0	50.04
0	50.04
100.08	50.04
0	50.04
741.318	46.3324
389.424	48.678
0	50.04
97.6587	48.8294
1213.47	43.3382
0	50.04
0	50.04
0	50.04
0	50.04
1129.13	43.428
195.317	48.8294
100.08	50.04
285.712	47.6187
564.161	47.0134
100.08	50.04
100.08	50.04
295.397	49.2329
292.976	48.8294
828.081	46.0045
479.819	47.9819
0	50.04
292.976	48.8294
991.922	45.0874
0	50.04
0	50.04
0	50.04
0	50.04
481.03	48.103
