1240.51	10.0041
0	50.04
1230.82	9.92599
1329.69	10.7233
1665.04	13.4277
183.615	1.48076
723.966	5.83843
1599.67	12.9005
690.471	5.56832
605.726	4.96497
1502.41	12.1162
1796.19	14.4854
1652.53	13.3269
891.035	7.18576
186.036	1.50029
710.649	5.73104
1576.66	12.715
530.666	4.27957
575.056	4.63755
1452.77	11.7159
1556.89	12.5556
1388.61	11.1985
1487.88	11.9991
581.917	4.69288
1106.53	8.92363
1340.59	10.8112
1008.87	8.13606
690.471	5.56832
1539.54	12.4156
1370.85	11.0553
1626.3	13.1153
1468.51	11.8428
912.019	8.29109
879.735	43.9868
0	50.04
912.423	45.6211
913.634	45.6817
78.6919	0.634612
962.866	43.7667
1984.65	31.0102
1679.97	13.5482
500.4	4.54909
1876.5	34.75
1069	8.62097
1627.51	13.1251
367.229	2.96152
1619.84	13.0633
1387.4	11.1887
1565.77	12.6272
0	0
1355.92	10.9349
1518.15	12.2431
1420.89	11.4588
317.189	2.55798
1199.75	9.6754
1452.77	11.7159
1657.78	13.3692
288.537	2.32691
1278.84	10.3133
1447.53	11.6736
1637.6	13.2064
0	0
1322.02	10.6615
1606.53	12.9559
1415.65	11.4165
693.296	5.5911
880.139	7.0979
1564.56	12.6174
1633.56	13.1739
656.17	5.37844
1415.65	11.6037
1211.45	9.92994
1630.34	13.1479
26.2306	0.211537
1595.63	12.868
1633.56	13.1739
1598.05	12.8875
98.8694	49.4347
1680.38	21.0047
1052.05	43.8354
0	50.04
829.292	46.0718
990.711	45.0323
880.946	44.0473
649.713	46.4081
962.866	43.7667
1590.79	12.8289
296.608	49.4347
1235.26	41.1754
1069.81	38.2074
2074.24	23.5709
906.773	18.8911
1645.27	39.173
960.445	7.8725
1646.88	13.2813
709.842	5.72453
1604.1	12.9363
1661.41	13.3985
1427.35	11.5109
139.628	2.79255
1535.5	17.0611
1252.61	36.8416
2346.23	23.0023
561.336	4.60111
2424.92	33.6795
1247.77	10.0627
1657.78	13.3692
481.837	3.88578
1642.04	13.2422
1669.88	13.4668
1502.41	12.1162
196.528	49.132
1236.07	10.6558
1959.23	30.6129
2145.26	21.032
188.054	18.8054
2301.44	27.3981
1156.17	9.79802
1726.78	13.9257
708.227	5.71151
1639.62	13.2227
1650.51	13.3106
1609.75	12.9819
97.6587	48.8294
1313.95	11.3272
1725.57	37.5125
0	50.04
880.946	44.0473
1279.65	42.6551
1133.97	43.6143
791.762	43.9868
966.498	43.9317
1667.46	13.4473
290.555	48.4258
991.922	45.0874
633.975	45.2839
2227.59	33.7513
649.713	46.4081
1163.03	44.7318
1517.34	12.6445
1705.4	13.9787
1196.12	9.64611
1655.36	13.3496
1626.3	13.1153
1629.93	13.1446
0	50.04
1783.28	19.3835
1179.57	42.1276
1681.18	13.7802
731.633	40.6463
1064.16	44.3399
1476.58	11.9079
2110.56	23.9836
1228.8	9.90972
1696.52	13.6816
1660.2	13.3887
1637.2	13.2032
575.056	47.9214
1529.45	12.5365
2158.98	30.8426
1921.29	16.0108
292.976	48.8294
2083.12	37.1985
1788.93	28.8537
1932.19	21.4688
1336.55	17.5862
1647.28	37.4383
1393.45	38.707
1589.98	12.8224
196.528	49.132
1902.33	33.9701
1701.36	36.9861
0	50.04
1261.49	42.0497
1231.23	41.0409
632.764	45.1974
954.392	43.3815
1180.78	42.1708
1932.59	16.3779
196.528	49.132
1096.44	42.1708
646.081	46.1486
1758.26	38.2231
292.976	48.8294
285.712	47.6187
2209.43	20.4577
2236.87	26.0101
1295.39	13.7807
1880.54	32.423
2055.27	33.1495
1738.89	14.0233
198.949	49.7373
1983.44	36.7304
636.396	45.4568
2013.3	18.6417
100.08	50.04
649.713	46.4081
2655.75	30.8808
2395.46	27.8542
1684.01	17.915
2040.74	32.9152
1804.67	36.0934
1653.34	13.5519
380.95	47.6187
1722.34	14.1176
2110.96	34.0478
1864.8	15.0387
197.739	49.4347
2457.61	34.1335
1767.95	36.8322
1904.75	15.3609
1226.38	38.3245
1752.21	36.5043
1567.38	41.2469
1638	13.2097
0	50.04
1240.51	31.0127
1765.52	38.381
100.08	50.04
1407.98	39.1106
1208.63	43.1653
1981.83	41.288
1591.19	39.7798
1497.57	41.5991
1635.58	13.1902
100.08	50.04
1366.01	35.9477
482.24	48.224
2148.09	33.5639
198.949	49.7373
649.713	46.4081
1817.18	31.3307
2029.85	23.6029
1491.51	29.8303
1449.95	38.1566
2124.68	35.4114
1616.21	13.034
0	50.04
1397.08	34.9271
726.791	45.4244
2297.4	31.046
0	50.04
809.922	44.9956
1767.54	35.3508
2129.52	18.68
1554.06	38.8516
1870.45	34.6379
2025.81	31.6533
1635.18	13.1869
98.8694	49.4347
1745.75	36.3698
826.871	45.9373
2124.28	31.2394
0	50.04
1033.89	43.0788
1332.11	37.0031
2103.7	33.9306
1417.26	32.2105
1828.48	35.163
1183.2	42.2573
1655.36	13.3496
197.739	49.4347
1533.08	36.5019
1292.57	40.3927
0	50.04
718.316	44.8948
1472.14	40.8929
879.735	43.9868
1211.05	43.2517
1818.79	39.539
1625.49	13.1088
98.8694	49.4347
1406.77	37.0203
576.267	48.0223
1732.03	39.3643
98.8694	49.4347
485.872	48.5872
1541.55	38.5389
2177.55	32.0228
1654.55	35.9684
1961.25	36.3194
1534.69	40.3867
1652.53	13.3269
100.08	50.04
1458.42	34.7244
292.976	48.8294
1968.11	28.9427
100.08	50.04
382.16	47.77
1912.82	31.8803
2183.6	35.2194
1144.46	35.7645
1592.81	36.2001
1876.9	36.0943
1654.95	13.3464
197.739	49.4347
1537.52	36.6076
294.187	49.0311
1993.13	34.3642
196.528	49.132
296.608	49.4347
1381.75	36.3618
1387.8	40.8177
1571.42	32.7379
1149.31	41.0466
1107.34	42.5899
1566.17	12.6304
100.08	50.04
1256.65	39.2703
742.529	46.4081
198.949	49.7373
1463.67	36.5918
633.975	45.2839
883.367	44.1684
380.95	47.6187
930.583	46.5291
1677.55	13.7504
100.08	50.04
1278.04	35.501
390.635	48.8294
1232.44	41.0812
0	50.04
640.028	45.7163
1457.21	33.1185
1291.35	40.3548
1185.63	42.3438
1118.23	43.0089
1047.21	43.6337
1646.07	13.2748
100.08	50.04
1578.28	32.8808
570.214	47.5178
1825.65	38.0344
98.8694	49.4347
0	50.04
1385.38	38.4828
1757.05	33.7894
723.159	45.1974
1363.99	42.6248
1053.26	43.8859
1660.6	13.3919
98.8694	49.4347
1504.02	35.8101
757.057	47.316
1513.71	37.8427
98.8694	49.4347
481.03	48.103
1148.1	41.0034
1876.9	36.0943
1069	44.5417
794.183	44.1213
870.05	43.5025
1680.78	13.5547
0	50.04
1082.32	45.0965
1055.68	43.9868
198.949	49.7373
656.977	46.9269
962.866	43.7667
285.712	35.714
636.396	45.4568
380.95	47.6187
2433.4	28.969
196.528	49.132
558.107	46.509
195.317	48.8294
1138.81	43.8005
0	50.04
488.294	48.8294
1112.18	42.7761
1625.49	42.7761
556.897	46.4081
967.709	43.9868
805.079	44.7266
1806.69	14.57
0	50.04
981.026	44.5921
473.766	47.3766
1468.51	40.792
0	50.04
572.635	47.7196
1391.43	38.651
1604.51	40.1127
815.975	37.0898
871.261	43.563
954.392	43.3815
1726.78	13.9257
0	50.04
1217.1	38.0344
478.608	47.8608
1468.51	40.792
0	50.04
295.397	49.2329
1014.52	42.2717
1486.67	41.2965
474.976	47.4976
731.633	45.7271
582.32	48.5267
1764.31	14.2283
0	50.04
724.369	45.2731
795.394	44.1885
197.739	49.4347
842.609	46.8116
0	50.04
0	50.04
0	50.04
196.528	49.132
1146.88	40.9602
294.187	49.0311
100.08	50.04
659.398	47.0999
813.554	45.1974
0	50.04
195.317	48.8294
292.976	48.8294
196.528	49.132
1339.78	41.8681
650.924	46.4945
196.528	49.132
741.318	46.3324
1126.71	43.3349
0	50.04
195.317	48.8294
389.424	48.678
97.6587	48.8294
994.343	45.1974
751.004	46.9377
98.8694	49.4347
288.134	48.0223
882.157	44.1078
0	50.04
0	50.04
0	50.04
197.739	49.4347
663.03	47.3593
