0	50.04
0	50.04
0	50.04
0	50.04
0	50.04
0	50.04
0	50.04
0	50.04
0	50.04
0	50.04
0	50.04
0	50.04
0	50.04
18	44.9956
0	50.04
0	50.04
2	50.04
0	50.04
0	50.04
2	48.8294
4	49.4347
4	48.8294
22	40.7584
0	50.04
0	50.04
4	49.7373
0	50.04
0	50.04
0	50.04
0	50.04
0	50.04
0	50.04
0	50.04
0	50.04
0	50.04
0	50.04
0	50.04
0	50.04
0	50.04
0	50.04
0	50.04
0	50.04
0	50.04
0	50.04
0	50.04
0	50.04
0	50.04
14	46.6675
10	47.9819
10	46.4081
12	46.4081
10	46.5291
116	16.1315
4	49.4347
4	49.7373
2	50.04
10	47.6187
2	50.04
0	50.04
22	44.7022
18	45.3992
22	43.5465
30	41.0409
20	44.0473
124	13.6816
0	50.04
20	39.8908
0	50.04
12	47.5178
0	50.04
0	50.04
0	50.04
0	50.04
0	50.04
0	50.04
0	50.04
0	50.04
0	50.04
0	50.04
0	50.04
0	50.04
0	50.04
2	50.04
0	50.04
2	49.4347
0	50.04
20	45.9238
0	50.04
2	50.04
4	49.7373
4	49.7373
2	50.04
2	50.04
16	39.5477
12	47.5178
32	43.0031
34	42.7405
36	39.2451
124	13.2911
2	50.04
38	39.1761
4	49.7373
26	42.2174
0	50.04
6	49.4347
36	40.5902
32	41.1115
32	40.9602
48	35.5123
42	39.6054
124	14.0526
4	49.7373
30	40.6777
0	50.04
18	43.9868
0	50.04
0	50.04
0	50.04
0	50.04
0	50.04
0	50.04
2	50.04
4	48.8294
0	50.04
0	50.04
2	50.04
0	50.04
6	47.6187
6	47.6187
2	49.4347
6	49.2329
4	48.8294
100	23.4058
0	50.04
6	47.6187
2	49.4347
8	47.9214
0	50.04
4	48.8294
40	39.0837
40	39.2955
50	35.028
62	31.9975
30	40.3952
124	11.9763
2	50.04
40	36.3496
8	48.0727
48	37.2526
0	50.04
4	49.132
42	36.2713
46	37.0387
44	38.814
48	37.6309
44	36.1176
122	13.1021
0	50.04
46	36.679
2	50.04
38	40.769
0	50.04
0	50.04
6	49.4347
6	49.0311
8	48.8294
6	49.2329
2	50.04
96	20.5431
0	50.04
2	49.4347
4	49.7373
0	50.04
22	46.1329
20	44.5316
34	40.07
28	41.1331
26	43.1952
114	15.3525
2	50.04
18	44.7939
2	49.4347
14	45.8892
6	49.0311
6	49.2329
42	36.156
50	37.1587
38	38.1672
38	39.5265
48	37.9083
124	12.7411
2	48.8294
54	31.544
0	50.04
48	37.2526
4	49.7373
4	48.8294
38	30.7122
48	35.1087
40	33.3028
36	40.3212
24	43.6841
124	12.9624
0	50.04
36	32.5193
6	49.4347
38	39.6221
0	50.04
0	50.04
20	44.0473
18	45.1302
22	43.9317
26	43.754
20	45.7422
124	13.8085
2	49.4347
8	47.6187
8	48.0727
0	50.04
12	47.316
14	46.2351
28	43.6409
16	47.2404
22	45.1424
124	14.2967
0	50.04
16	28.2484
0	50.04
24	44.4912
2	49.4347
0	50.04
30	38.2698
38	39.4628
24	44.7434
24	43.5832
46	38.7757
124	13.06
0	50.04
46	33.8279
6	48.6276
34	40.4617
2	50.04
4	49.7373
48	32.5529
50	38.1273
38	36.1388
36	40.2876
40	39.9008
124	13.2715
2	49.4347
24	40.3212
6	49.0311
46	38.6441
0	50.04
2	50.04
28	40.2828
24	43.6841
14	39.7783
28	44.3327
20	44.0473
124	14.1209
4	49.7373
16	39.5477
20	45.3185
0	50.04
8	35.714
22	44.0968
8	47.9214
12	46.4081
18	46.2735
124	13.6263
0	50.04
22	43.8767
4	49.7373
22	43.9317
2	50.04
4	48.5267
24	43.5328
28	42.387
24	38.9088
20	43.9868
24	42.4735
124	13.7988
6	47.6187
40	40.4557
2	48.8294
22	43.0513
6	48.8294
6	48.8294
44	33.201
34	39.7851
26	44.7318
28	45.2407
24	45.5505
124	16.4121
0	50.04
30	41.0005
4	48.8294
40	38.2665
2	48.8294
6	48.6276
34	39.1205
34	41.2806
20	44.0473
26	43.8471
26	42.8227
120	13.4415
0	50.04
10	46.5291
28	44.1597
2	50.04
14	45.4568
22	46.243
34	41.9572
22	44.6471
12	48.5267
124	13.7206
4	49.7373
14	46.4081
0	50.04
18	44.054
2	50.04
6	49.4347
32	31.5146
28	42.214
14	47.4458
22	43.9868
26	43.754
124	13.9061
2	50.04
42	32.428
6	48.8294
26	42.2174
0	50.04
4	49.7373
42	38.2026
36	39.7159
12	46.4081
16	45.2731
20	43.9868
124	13.8866
0	50.04
36	40.1643
4	49.7373
44	38.7865
4	49.7373
2	50.04
26	44.6387
16	44.7434
20	39.8302
20	44.2894
14	45.4568
124	13.3269
0	50.04
14	46.4081
18	46.3408
2	50.04
8	48.0727
10	46.4081
4	48.8294
10	48.4662
6	47.6187
76	30.3989
0	50.04
22	44.0418
0	50.04
16	45.1974
0	50.04
2	50.04
24	44.239
30	43.0183
8	35.714
14	46.4081
6	47.8205
122	15.4671
2	50.04
22	43.6016
2	48.8294
26	43.3349
6	49.4347
8	49.132
28	42.7761
30	42.8165
4	48.8294
12	48.224
4	49.132
84	27.5566
2	50.04
24	44.4912
0	50.04
28	42.5167
0	50.04
4	49.132
14	45.1974
18	46.6771
6	49.0311
16	47.316
14	47.4458
124	13.6621
0	50.04
4	48.8294
12	46.4081
2	50.04
20	44.8342
0	50.04
0	50.04
0	50.04
0	50.04
16	46.2567
8	48.8294
0	50.04
12	47.316
14	45.4568
0	50.04
2	50.04
0	50.04
0	50.04
24	45.0965
2	48.8294
2	50.04
10	48.7083
26	42.3105
0	50.04
0	50.04
2	48.8294
0	50.04
16	45.8027
10	47.1345
0	50.04
2	50.04
16	45.1974
0	50.04
2	50.04
0	50.04
0	50.04
24	43.8354
