6	295.397
4	195.317
12	570.214
58	2029.44
124	2224.36
16	746.161
30	1231.23
34	1372.06
12	564.161
20	914.844
44	1660.6
46	1662.62
58	1868.43
124	2009.67
32	1292.97
16	734.055
58	1997.97
20	879.735
16	741.318
44	1646.07
86	2207.81
30	1231.23
124	1763.51
12	556.897
6	296.608
54	1985.46
14	635.185
8	384.582
38	1523.8
60	1904.34
8	390.635
120	1859.55
2	97.6587
4	195.317
0	0
20	889.421
16	749.793
14	632.764
10	464.081
22	951.971
124	1692.89
4	197.739
26	1179.98
44	1658.18
92	2299.82
6	292.976
28	1180.78
68	2010.88
118	2074.24
50	1820.81
44	1632.76
116	2486.67
124	1616.61
10	465.291
56	1921.29
54	1943.09
124	1743.73
10	485.872
68	2081.1
42	1431.79
118	1961.65
26	937.443
86	2133.96
52	1873.68
124	1695.31
8	391.845
62	1956.4
18	820.817
124	1896.27
6	292.976
50	1751.8
18	806.29
76	2040.74
4	195.317
54	2002.41
10	472.555
124	1673.11
0	0
8	384.582
6	294.187
0	0
24	1072.63
18	824.449
26	1123.08
6	285.712
42	1587.16
122	1767.54
8	388.214
42	1593.61
50	1745.35
110	1838.57
14	665.451
40	1528.24
124	1985.86
124	1744.14
24	1012.1
48	1843.81
122	2068.59
124	1732.84
4	196.528
74	2155.76
44	1600.07
124	1818.79
10	478.608
52	1753.82
78	2421.29
124	1895.06
30	1245.75
120	2019.36
42	1610.16
124	1719.92
0	0
88	2119.03
16	723.159
104	2144.86
12	578.688
56	1970.53
34	1328.88
124	1875.69
26	1113.39
48	1774.81
22	983.447
124	1668.67
0	0
10	380.95
20	880.946
2	98.8694
14	647.292
14	632.764
18	817.185
12	559.318
64	2145.67
124	1702.57
2	100.08
54	1776.82
64	2033.48
122	1824.04
12	465.291
40	1616.61
122	1700.55
124	1667.46
22	855.523
56	1936.63
78	2187.64
60	1742.12
4	196.528
88	2286.1
58	1981.02
116	1642.85
4	195.317
64	2135.98
94	2456.8
116	1792.56
32	1380.94
70	2161.41
60	1930.98
124	1701.36
10	477.398
124	2082.71
62	2274.4
122	1742.93
2	100.08
54	1845.02
28	1156.57
100	2675.93
18	805.079
44	1594.02
30	1345.03
122	1649.71
0	0
30	1299.02
18	797.815
0	0
16	741.318
32	1291.35
20	809.922
12	558.107
52	1844.22
118	1664.23
0	0
48	1938.24
44	1655.76
120	2004.83
4	197.739
30	1214.28
112	2133.16
122	1772.38
40	1718.31
74	2522.58
110	2382.55
124	1611.37
8	380.95
76	2131.54
50	1889.41
124	1981.02
4	195.317
38	1483.85
72	2210.64
124	1857.13
20	880.946
80	2337.35
70	2098.45
124	1677.15
6	292.976
118	2355.51
24	1041.15
122	1811.93
0	0
54	1807.49
36	1177.96
108	2079.89
18	825.66
24	1048.42
20	896.685
124	1662.22
0	0
26	1142.45
30	1253.02
2	100.08
20	902.738
28	1225.58
36	1524.2
12	559.318
60	1917.66
124	1685.62
6	286.923
52	1844.22
68	2018.15
54	1852.29
12	558.107
58	2161.41
124	1761.09
124	1689.25
22	967.709
56	1965.68
66	1880.13
124	1695.31
6	295.397
120	2179.97
48	1887.4
124	1816.37
4	196.528
46	1821.21
62	1876.5
124	1778.84
26	1100.07
74	2256.24
40	1537.92
124	1699.34
6	285.712
124	1787.72
50	1926.94
124	1734.05
10	488.294
88	2119.03
40	1468.11
90	1960.84
26	967.709
36	1409.19
14	635.185
124	1893.45
0	0
32	1393.05
16	742.529
0	0
10	464.081
24	1041.15
14	632.764
16	749.793
62	2041.95
122	1655.76
10	474.976
76	2600.87
86	2630.33
122	1827.67
8	390.635
32	1210.65
116	2163.02
96	1923.72
18	799.026
56	1999.58
110	2160.6
124	1681.99
4	197.739
86	2101.68
42	1587.16
124	1980.21
2	100.08
42	1601.68
98	2414.83
122	1711.45
24	936.232
106	2123.88
50	1811.93
124	1654.55
8	286.923
122	2093.21
40	1555.28
118	1696.52
4	196.528
64	2074.24
56	2167.05
124	1902.33
24	1084.74
74	2285.29
30	1265.12
124	1623.48
0	0
16	725.58
32	1354.31
4	198.949
20	883.367
18	813.554
8	389.424
8	382.16
52	1725.17
124	2317.58
8	387.003
52	1681.99
98	2338.16
124	1837.76
12	567.793
80	2564.15
124	1830.09
124	1708.62
22	879.735
54	1866.81
92	2129.52
124	1690.46
8	384.582
104	2486.26
64	2218.31
124	1667.46
4	195.317
68	2079.08
78	2319.6
122	1792.97
24	979.815
62	1953.58
42	1613.79
124	1630.74
8	390.635
118	2004.02
26	1100.07
120	1853.5
4	196.528
56	1847.44
44	1493.53
124	1825.25
28	1217.1
48	1730.01
14	648.502
124	1738.89
0	0
16	732.844
20	897.895
0	0
26	1121.86
20	896.685
34	1328.88
20	879.735
102	2238.48
124	1720.73
44	1741.71
124	2167.46
124	1717.1
124	1545.59
24	965.288
58	1956.81
124	1675.94
124	1617.42
26	953.181
28	1158.99
58	1488.29
120	1693.69
58	2025.81
124	1732.84
124	1595.63
124	1600.47
36	1558.1
124	1633.97
124	1815.56
124	1669.48
24	1116.21
64	2333.72
54	2073.84
124	1898.7
4	196.528
80	1646.88
100	2325.25
124	1579.49
36	1558.1
124	1878.52
124	2306.68
124	1566.17
18	813.554
102	2205.8
12	558.107
122	1724.77
0	0
26	1127.92
16	743.74
2	100.08
28	1180.78
2	97.6587
6	296.608
68	1954.38
116	2218.31
124	1707.41
124	1600.07
6	285.712
82	2075.85
124	1834.53
4	196.528
32	1228.8
56	1710.24
102	2305.47
122	1729.61
124	1665.04
62	1836.95
122	1692.89
124	1681.99
4	195.317
110	2016.93
20	627.921
24	1081.11
124	1735.26
124	1954.79
52	1594.82
124	1912.01
124	2500.39
0	0
76	1979
22	928.968
4	198.949
66	2110.15
