124	1692.89
2	100.08
124	1644.06
124	1663.83
124	1604.1
62	828.888
64	1640.02
122	1741.31
48	1932.19
124	1461.25
124	1776.42
124	1657.78
124	1645.67
124	1635.99
106	1462.86
46	1714.68
118	1964.07
70	2283.68
74	1308.71
124	1517.75
124	1615
124	1691.67
124	1628.72
124	1472.55
80	2526.62
116	1905.15
88	2510.07
70	1634.37
124	1720.73
124	1802.65
124	1820
124	1615.81
26	936.232
38	1568.59
2	97.6587
96	1786.11
72	1607.33
124	1318.39
92	2187.23
124	1753.42
124	1551.64
14	635.185
124	1722.75
124	1687.24
124	1683.2
98	1978.6
116	1792.16
124	1677.55
124	1497.57
122	1262.3
124	2747.76
122	1517.75
124	1611.37
76	2270.36
124	1677.55
124	1692.08
124	1632.76
50	1645.67
122	1632.76
124	1645.67
124	1631.55
88	1009.27
124	1811.13
114	1422.91
122	1641.23
50	1732.03
124	1634.77
124	1667.46
124	1503.62
36	1409.19
124	1689.66
124	1681.99
124	1656.57
62	1213.07
120	1654.95
122	1807.09
124	1614.19
6	292.976
118	1807.9
114	1708.62
92	3060.11
124	1725.57
124	1717.5
34	1174.33
80	1821.21
124	1767.14
124	1515.73
52	1779.65
124	1718.31
124	1605.32
124	1612.18
60	1875.69
108	2207.01
124	1644.86
124	1604.1
38	1511.69
106	1990.3
124	1640.83
124	1628.72
50	1198.94
124	1763.1
124	1618.23
124	1706.61
76	2012.5
120	1539.54
124	1660.2
124	1601.68
28	1132.76
110	2095.22
98	1944.7
124	1577.07
82	2174.72
124	1650.92
124	1654.14
124	1504.83
6	190.475
124	1675.94
88	2236.06
82	2451.96
80	2443.89
124	1747.36
124	1623.88
124	1660.2
42	1753.01
124	1693.69
120	1569
64	1747.36
124	1571.82
124	1459.63
122	1718.71
96	2126.7
124	1718.71
124	1644.46
76	2320.4
124	1822.83
124	1597.24
124	1495.95
62	1575.05
122	1850.67
124	1661.41
124	1552.45
56	1845.02
118	2215.88
124	1621.05
124	1661.41
70	1957.21
124	1632.76
124	1562.14
124	1652.93
52	1707.01
124	1709.03
122	1606.12
124	1575.45
28	1180.78
112	1751.4
100	1967.7
124	1727.99
70	1954.79
124	1688.04
124	1700.15
124	1551.24
34	1455.6
124	1747.77
114	2355.11
124	1658.58
100	1952.77
122	1738.08
124	1856.73
124	1686.83
26	1161.82
122	1843.81
124	1678.36
40	1397.49
124	1619.84
124	1665.04
66	1846.23
78	1830.5
124	1460.44
124	1594.42
48	1594.02
124	1555.68
124	1518.15
124	1554.87
68	1882.55
124	1698.54
122	1642.44
124	1642.04
36	1468.51
84	2318.79
112	2126.3
122	1713.06
70	1813.95
96	1987.07
124	1704.59
120	1546.4
78	2135.17
124	1718.31
124	1644.46
124	1619.44
40	1289.74
122	2281.66
54	1754.63
124	1557.29
98	2050.83
124	1677.15
124	1612.58
124	1598.05
56	2025.01
124	1568.19
124	1576.66
124	1557.7
38	1549.22
120	1555.68
122	2342.19
124	1661.41
32	1328.88
124	1680.78
124	1646.07
72	1581.91
104	1776.02
112	1774.4
96	2436.63
122	2137.6
124	1535.1
124	1632.76
44	1269.16
124	1572.63
124	1740.1
124	1564.96
86	1919.68
118	1738.89
124	1669.88
124	1579.89
34	1355.12
116	2003.62
116	1809.11
124	1647.69
82	2594.82
124	1642.44
124	1632.76
124	1351.08
48	1717.1
124	1534.29
124	1695.71
124	1568.19
58	2087.96
122	1870.04
124	1774
124	1612.18
66	1696.92
124	1594.82
124	1581.51
124	1599.26
52	1616.21
124	1706.2
124	1637.6
124	1650.51
36	1438.25
116	1612.18
54	1798.21
124	1613.39
60	1552.05
124	1673.52
122	1553.26
64	2082.71
124	1636.39
124	1502.41
118	2093.61
106	2358.74
124	1652.53
124	1589.58
60	1589.58
124	1778.84
124	1565.77
124	1594.42
96	2178.76
122	1743.73
124	1608.54
124	1311.53
38	1503.22
122	1851.48
120	1631.14
124	1627.11
86	2353.49
124	1667.06
124	1492.32
124	1555.28
70	2487.07
124	1580.3
124	1641.23
124	1540.75
34	862.383
98	2253.82
78	2000.79
124	1673.52
100	2324.84
120	1603.3
124	1631.14
124	1590.79
54	1577.87
124	1798.62
118	1686.83
124	1856.73
8	285.712
120	1823.23
64	1656.16
124	1739.29
92	2726.37
124	1672.3
124	1493.13
54	1626.3
124	1586.35
124	1645.67
42	1482.64
82	1982.63
124	1732.84
124	1580.3
68	1931.38
124	1693.69
124	1328.48
124	1518.15
124	2144.05
124	1553.26
124	1637.2
124	1581.1
20	874.893
60	1723.56
84	2376.09
124	1879.32
110	1988.69
124	1719.92
122	1732.43
124	1597.24
102	2064.96
122	1646.48
122	1642.44
124	1417.67
26	1135.18
112	1933.8
60	1559.31
100	1568.59
116	2018.55
124	1661.41
124	1448.74
124	1498.78
98	2556.08
120	1593.61
124	1610.97
124	1556.08
22	983.447
110	1998.78
52	1087.97
124	1707.82
100	1989.49
124	1638.41
124	1548.82
54	1280.46
102	1738.08
88	2293.37
38	1433.4
26	1101.28
124	1589.58
124	1650.51
124	1716.29
124	1581.91
124	1556.49
124	1510.89
118	1694.5
124	1517.34
124	1635.99
124	1637.2
14	652.134
32	1184.01
48	1207.42
124	1800.63
122	1709.43
124	1629.93
124	1581.1
124	1632.35
120	1856.32
124	1612.18
124	1602.49
124	1624.28
16	741.318
88	2223.55
66	1917.26
124	1763.1
124	1938.65
124	1602.49
124	1584.73
124	1631.14
106	1896.68
124	1456
124	1661.41
124	1566.98
12	558.107
118	1863.18
18	542.369
124	1704.99
116	1834.93
122	1631.55
124	1645.67
14	656.977
120	2879.32
24	1038.73
14	649.713
124	1553.26
120	1558.1
124	1674.73
124	1667.46
16	454.395
118	1889.01
102	2297.8
2	100.08
34	1372.06
120	1871.66
114	1781.26
120	1699.75
124	1652.93
82	1736.87
124	1717.1
124	1663.83
4	196.528
108	2219.52
30	1280.86
60	1234.05
64	2195.3
124	1670.69
70	2056.08
124	1673.52
124	1719.52
0	0
124	1757.45
34	1493.13
26	674.733
120	1621.05
