560.529	46.7107
476.187	47.6187
741.318	46.3324
2511.69	29.2056
1707.82	13.9985
474.976	47.4976
1189.26	42.4735
1339.78	41.8681
569.003	47.4169
1834.13	35.2717
1096.44	42.1708
2169.88	17.499
1686.83	13.6035
1668.67	13.457
566.582	47.2152
829.292	46.0718
1459.23	42.9186
1042.37	43.4319
635.185	31.7593
947.128	43.0513
2434.61	20.2884
1256.65	41.8883
1673.11	13.4928
1041.15	43.3815
559.318	46.6098
801.447	44.5248
648.502	46.3216
383.371	47.9214
954.392	43.3815
815.975	45.3319
389.424	48.678
2117.42	28.6138
0	50.04
195.317	48.8294
0	50.04
744.95	46.5594
388.214	48.5267
1067.79	44.4912
556.897	46.4081
1207.42	43.122
1773.6	14.3032
488.294	48.8294
1007.66	45.8027
565.371	47.1143
1291.35	40.3548
292.976	48.8294
382.16	47.77
1632.35	40.8088
2123.88	21.2388
1010.49	28.069
1146.88	40.9602
1937.03	32.2839
1693.29	13.8794
390.635	48.8294
2101.28	28.3956
1135.18	43.6608
2105.31	21.9303
100.08	50.04
1392.65	40.9602
1595.63	34.6876
2295.38	23.9102
1267.14	35.1984
2202.57	31.4652
1291.35	40.3548
1601.68	12.9168
482.24	48.224
1259.07	41.969
660.609	47.1863
1891.03	35.019
0	50.04
814.764	45.2647
559.318	46.6098
1336.96	39.3222
484.662	48.4662
883.367	44.1684
675.136	48.224
2769.55	22.3351
0	50.04
98.8694	49.4347
291.765	48.6276
197.739	49.4347
902.738	45.1369
661.819	47.2728
1265.12	42.1708
879.735	43.9868
1590.79	37.8759
1710.24	13.7922
97.6587	48.8294
2026.62	30.7064
888.21	44.4105
1827.67	14.9809
98.8694	49.4347
1410.4	39.1778
2214.67	27.6834
1915.64	15.4487
1585.14	39.6285
2324.44	32.2839
2244.94	23.8823
1656.97	13.3627
476.187	47.6187
1787.72	14.6534
2566.16	26.1853
1903.54	15.3511
656.977	46.9269
2012.09	33.5349
2476.58	23.3639
1681.18	14.2473
1913.22	35.4301
2006.85	32.3685
2165.04	33.8287
1608.54	12.9721
288.134	48.0223
2039.53	29.9931
954.392	43.3815
2012.5	18.9858
198.949	49.7373
644.87	46.0622
2008.46	35.8654
1941.47	15.9137
1390.22	38.6173
1590.38	36.1451
879.735	43.9868
1669.88	13.4668
100.08	50.04
955.603	43.4365
735.265	45.9541
196.528	49.132
1108.55	39.591
879.735	43.9868
1380.54	40.6041
1592.4	39.81
1642.85	39.1154
1625.49	13.1088
100.08	50.04
1387.4	36.5105
1263.91	42.1305
2737.67	27.3767
1082.32	45.0965
1469.32	38.6663
1767.54	21.5554
1589.17	14.189
1371.26	40.3311
2454.38	29.9315
2412.82	33.5113
1616.21	13.034
196.528	49.132
2228.8	21.851
1387.8	40.8177
1759.87	15.1713
573.846	47.8205
1464.48	38.5389
1845.43	15.3786
1698.94	13.7011
1652.13	35.9158
2255.03	25.6253
2222.34	30.0316
1640.83	13.2325
100.08	50.04
2243.73	20.0333
1317.18	43.9061
1801.84	14.531
100.08	50.04
1097.65	42.2174
1625.09	33.856
1896.68	16.3507
1704.59	31.5665
1152.13	44.3127
1622.67	40.5667
1644.86	13.265
100.08	50.04
937.443	39.0601
1055.68	43.9868
0	50.04
1214.28	37.9462
1331.31	41.6033
1568.19	37.3378
1378.12	40.5329
1433.81	42.1708
1579.08	12.7346
198.949	49.7373
1851.88	25.0255
954.392	43.3815
2078.68	31.4951
936.636	46.8318
2070.61	39.8194
1870.04	15.081
1846.64	14.8922
723.159	45.1974
2061.73	32.2145
1565.36	35.5765
1775.21	14.3162
575.056	47.9214
1866.01	15.0484
2454.78	30.6848
1729.2	13.9452
558.107	46.509
2298.61	28.7326
1769.96	14.9997
1719.12	14.326
1713.06	34.2613
2091.19	29.8741
1886.59	36.2806
1607.74	12.9656
196.528	49.132
2019.76	28.0522
723.159	45.1974
2096.84	17.4736
391.845	48.9807
731.633	45.7271
1386.19	36.4787
2133.96	31.3818
1332.11	37.0031
1261.49	42.0497
1905.56	39.6991
1625.49	13.1088
0	50.04
1314.36	41.0737
1103.7	42.4502
195.317	48.8294
951.971	36.6143
1460.44	42.9542
1094.02	36.4673
1414.44	41.6011
962.866	43.7667
1671.09	13.4766
753.425	47.0891
2001.6	33.36
1240.91	41.3637
2196.51	24.9604
97.6587	24.4147
966.498	43.9317
1741.71	14.2764
1932.59	37.1653
1437.44	42.2776
2290.54	34.7052
1983.44	30.9913
1695.31	13.896
389.424	48.678
1803.46	15.2835
2185.21	26.649
1654.55	13.3431
566.582	47.2152
2285.7	34.6318
2187.64	17.6422
1569	12.8606
1109.76	42.683
2246.55	23.8995
2117.42	32.0821
1681.18	13.5579
290.555	48.4258
2270.36	22.7036
736.476	46.0297
1933	15.8442
98.8694	49.4347
723.159	45.1974
2229.6	31.8515
2380.53	29.0309
1447.93	38.1035
1332.52	41.6411
1568.59	41.2788
1658.18	13.3724
196.528	49.132
1091.6	36.3866
1014.52	42.2717
100.08	50.04
927.758	35.683
1014.52	42.2717
1510.48	37.762
1016.94	42.3726
1597.24	39.9311
1647.28	13.2846
97.6587	48.8294
1998.78	18.1707
1661.41	36.1176
2785.29	25.3208
1012.5	46.0229
1326.46	41.452
2930.57	23.6336
2107.33	19.5123
1276.02	42.534
1775.61	35.5123
2026.22	21.5555
1684.01	13.5807
2373.67	38.285
1693.69	13.6588
1840.99	14.8467
1504.02	12.1292
1014.92	46.1329
2019.76	16.2884
1757.05	14.1698
1469.72	11.8526
1096.44	42.1708
2063.34	25.1627
1830.5	33.8981
1712.26	13.8085
98.8694	49.4347
2163.42	22.0757
723.159	45.1974
2222.34	19.1581
382.16	47.77
1647.28	37.4383
2481.82	31.8182
1654.55	13.3431
1309.11	32.7278
1310.73	40.9602
1041.15	43.3815
1648.5	13.2943
0	50.04
1399.91	41.1738
1347.04	42.0951
0	50.04
1089.18	32.0346
1026.63	42.7761
1546.8	38.67
1752.61	39.8321
1696.52	36.8808
1589.17	13.026
97.6587	48.8294
1972.54	20.5473
1496.36	25.7993
1955.19	27.1554
482.24	48.224
3021.37	37.7671
1949.54	15.7221
1770.77	14.2804
1310.73	38.5507
1948.33	34.7916
1652.13	14.0011
1637.6	13.2064
2002	22.75
1571.82	12.8838
1610.16	12.9851
1646.88	13.2813
2232.03	30.1625
1579.08	12.7346
1600.07	13.1153
1496.36	12.0674
801.447	44.5248
1865.2	27.4294
1583.52	37.7029
1639.21	13.4362
100.08	50.04
1942.28	15.6635
2054.87	33.143
2139.21	17.8268
990.711	45.0323
1907.57	15.6358
1663.02	13.4115
1642.04	13.2422
1320.41	38.8356
1145.27	28.6318
1419.28	41.7435
1884.97	15.2014
198.949	49.7373
899.106	44.9553
1188.05	42.4302
0	50.04
906.37	45.3185
1153.34	44.3593
554.475	46.2063
994.343	45.1974
1100.07	39.2883
1723.15	13.8964
1652.13	43.477
2809.5	23.8094
1851.48	15.6905
1732.84	13.9745
464.081	33.1486
1687.64	33.7528
1745.75	14.0786
1703.78	13.7402
389.424	48.678
890.631	44.5316
1751.8	28.2549
1695.31	13.6718
2109.35	20.2822
1672.3	13.4863
1473.76	12.08
1552.45	12.5198
2034.69	25.4336
1697.73	13.6914
1668.67	13.457
1428.56	11.5207
823.239	45.7355
2023.8	29.7617
1136.39	43.7074
1734.05	13.9843
660.609	47.1863
1804.67	15.5575
2249.38	31.2414
2243.73	18.0946
836.152	32.1597
2053.25	34.2209
1830.5	16.949
1667.06	13.6644
648.502	46.3216
1377.31	43.041
560.529	46.7107
1717.1	13.8476
98.8694	49.4347
1291.76	43.0586
797.815	44.3231
0	50.04
907.58	45.379
98.8694	49.4347
98.8694	49.4347
1437.44	39.9289
904.755	32.3127
1646.48	13.7206
1669.88	13.4668
815.975	40.7987
2020.57	31.5714
1746.56	14.316
98.8694	49.4347
1013.31	42.2213
1661.01	31.9424
2214.27	31.6324
1706.2	13.7597
1590.79	12.8289
1878.52	26.0905
1595.63	12.868
1626.3	13.1153
0	50.04
1692.48	21.6985
901.527	45.0764
564.161	47.0134
2043.97	17.3218
2349.86	27.9746
1901.92	17.6104
1660.2	13.3887
1744.94	14.0721
196.528	49.132
1374.49	38.1802
0	50.04
0	50.04
1143.66	43.9868
