124	1018.56
0	0
124	1020.98
124	1286.51
124	1479.81
124	500.804
124	777.638
124	1453.98
124	806.29
124	445.921
124	1286.92
124	1546.8
124	1663.83
124	1165.45
124	716.702
124	1146.48
124	1227.59
124	1064.16
124	704.999
124	577.074
124	1069
124	1702.17
124	1111.78
124	262.306
124	1408.79
124	1377.71
124	817.993
124	777.638
124	1135.18
124	769.163
124	1626.3
124	1259.07
84	897.088
22	967.709
14	186.843
52	960.445
14	632.764
124	26.2306
124	1627.51
124	1512.5
124	1556.08
124	664.241
124	1228.4
124	1320.01
124	1635.99
124	262.306
124	1363.99
124	1259.07
124	1451.16
124	0
124	1097.25
124	1642.44
124	1206.61
124	420.901
124	1321.22
124	1470.53
124	1582.72
124	157.384
124	1300.64
124	1152.13
124	1385.79
124	26.2306
124	1123.48
124	1330.9
124	1387
124	581.917
124	1066.17
124	1389.42
124	1626.3
124	578.285
124	1154.15
124	1213.87
124	1627.51
124	314.768
124	1150.92
124	1626.3
124	1399.91
2	100.08
116	1025.82
46	1752.21
0	0
30	989.097
30	1250.6
124	904.755
20	880.946
60	2031.46
124	1626.7
26	526.631
52	1783.68
122	1374.08
122	1832.51
124	661.819
124	1683.2
124	1329.69
124	1590.79
124	183.615
124	1343.82
124	1592
124	1525.41
122	712.666
124	1344.22
124	1575.05
124	1631.14
124	719.93
124	1548.82
124	1352.29
124	1602.49
124	527.034
124	1497.57
124	1629.93
124	1390.22
68	294.59
122	1087.16
104	2693.28
122	1761.49
78	842.205
72	2119.84
124	1285.71
98	2386.99
124	971.745
124	1649.3
124	1673.52
124	1416.45
0	0
88	1562.94
56	1998.37
0	0
40	1646.88
24	1070.21
24	1013.31
40	1545.19
44	1589.17
124	1650.92
4	196.528
32	1256.65
88	2211.85
124	1748.58
80	1589.17
36	1462.46
124	1317.59
124	1600.47
124	770.374
124	1598.05
124	1629.93
124	1602.49
14	664.241
124	1115
118	2412.82
118	1787.32
30	983.044
96	2173.11
124	1469.32
124	1594.42
122	1009.68
124	1513.31
124	1596.84
124	1627.51
22	1022.19
124	1589.58
124	1982.23
124	1752.21
6	292.976
92	2146.88
82	1464.88
124	2540.34
124	1259.47
122	1669.08
124	1644.46
124	1603.7
2	98.8694
74	1551.64
58	1950.75
4	196.528
26	927.758
34	1330.9
46	1682.39
46	1889.01
32	1290.14
122	1606.53
2	98.8694
50	1824.44
32	1304.67
104	2294.98
16	734.055
26	1109.76
124	1613.39
124	1677.95
124	1336.15
124	1656.97
124	1655.36
124	1626.3
2	97.6587
124	1733.24
122	1708.22
124	1784.49
50	1485.46
120	1766.33
124	1647.28
124	1639.62
50	1181.99
116	1719.12
106	2551.23
124	1588.77
22	607.34
124	1994.34
56	2119.44
122	1712.66
20	935.425
110	2729.6
74	2259.87
120	1800.23
118	1546.8
124	1712.26
122	1713.87
124	1628.72
6	295.397
82	2073.03
38	1527.43
0	0
36	1333.32
44	1694.5
58	1853.09
46	1758.26
46	1777.63
124	1607.74
6	286.923
62	2020.16
20	879.735
124	1781.26
12	372.475
16	723.159
124	1695.71
124	1686.83
48	1136.39
56	1814.76
72	1937.84
124	1727.99
28	1220.73
124	1773.6
124	1749.79
124	1638.41
4	196.528
48	1424.12
60	1754.22
122	2161.41
86	2464.47
108	2174.72
62	2045.18
124	1576.26
4	194.107
120	1870.04
64	2129.93
124	1698.94
10	472.555
108	2481.82
64	1945.1
120	1772.38
68	1857.53
78	2328.07
34	1330.9
124	1634.77
4	198.949
66	2042.76
56	1885.78
4	196.528
42	1475.37
52	1869.64
52	1924.12
44	1653.34
56	1926.94
124	1635.58
6	292.976
62	1813.95
14	632.764
48	1736.07
2	100.08
10	485.872
84	1990.7
124	2464.87
62	2130.74
74	2480.21
74	2270.77
124	1603.3
10	190.475
124	1844.22
54	1684.81
96	2161.81
24	1083.53
84	2658.58
124	2186.43
124	1870.85
54	1851.48
52	1635.58
36	1437.04
124	1706.2
4	198.949
120	1772.79
44	1722.34
118	1690.46
2	97.6587
28	1201.36
52	1715.08
104	2694.49
38	1184.01
70	2260.68
46	1806.69
124	1599.26
0	0
56	1916.45
50	1808.3
6	292.976
66	2158.58
24	1041.15
32	1129.94
56	2026.22
34	1396.28
124	1649.3
8	391.845
68	2213.87
18	819.607
92	2537.11
0	0
20	868.84
84	1984.65
124	1924.12
58	1954.79
76	2164.23
58	1922.91
124	1626.7
6	292.976
106	2619.43
60	1949.14
122	2494.74
20	883.367
76	2087.56
122	1736.87
122	1679.97
32	1049.23
50	1713.06
46	1640.83
124	1623.07
2	100.08
124	1864.39
22	989.501
78	2284.49
4	197.739
22	954.392
62	1953.58
108	2213.06
30	1255.44
50	1836.15
34	1363.59
124	1630.74
0	0
44	1504.02
52	1797
4	198.949
34	1253.82
20	901.527
24	931.39
18	820.817
22	996.765
124	1763.1
2	98.8694
46	1658.58
16	715.895
72	1832.92
4	196.528
10	470.134
118	1735.26
106	2296.59
30	1244.54
34	1468.92
40	1517.34
124	1651.72
4	195.317
104	2388.6
72	2143.25
124	1788.53
10	372.475
36	1410.4
72	2099.66
122	1762.3
56	2234.45
58	1977.79
60	2122.26
124	1661.41
2	97.6587
100	1967.7
82	2112.98
88	2369.64
10	482.24
40	1531.87
66	2149.3
124	2374.08
36	1424.12
46	1663.83
22	964.077
124	1694.1
2	100.08
30	1135.99
54	1889.82
6	290.555
14	632.764
0	0
0	0
6	190.475
10	487.083
124	1822.42
124	2683.19
20	883.367
54	1921.29
124	2012.5
2	100.08
14	649.713
32	1278.44
44	1642.44
122	1699.34
122	1654.55
6	294.187
98	2051.64
86	2218.71
2	100.08
12	554.475
16	730.423
6	294.187
120	2133.16
106	2733.64
34	1372.06
122	1666.65
124	1658.99
4	198.949
12	556.897
0	0
0	0
44	1670.29
