14	671.505
10	488.294
34	1520.97
80	1544.38
124	1908.78
124	1658.99
124	1244.95
124	1547.61
124	1182.4
124	1583.52
124	1495.15
76	1663.02
122	1992.32
124	1613.39
124	1662.62
124	1513.31
124	1428.56
124	1405.96
124	1635.99
124	1420.09
116	1493.53
82	2192.07
124	1606.12
124	2882.95
24	1090.79
124	1513.31
20	907.58
26	1164.24
82	1650.11
16	766.742
12	582.32
48	1955.19
12	582.32
4	198.949
12	582.32
56	1938.24
34	1403.54
60	2003.62
74	2293.77
124	1642.04
124	1592
124	1545.59
124	1668.67
124	1459.63
124	1446.32
124	1405.56
124	1443.9
124	1573.84
124	1626.3
48	1950.35
84	1669.08
124	1488.29
124	1649.71
124	1459.63
124	1618.23
124	1510.89
124	1550.03
124	1499.99
124	1510.89
124	1604.91
124	1470.13
54	2169.48
124	1615
124	1627.91
124	1594.02
124	1717.1
124	1582.31
124	1548.82
124	1628.72
124	1652.93
124	1476.18
124	1633.56
124	1501.2
28	1215.89
106	1738.08
24	1055.68
124	1589.58
12	582.32
22	825.66
24	1090.79
14	675.136
104	1965.28
112	2299.42
124	2055.68
76	2505.23
124	1653.74
124	1527.43
124	1543.17
124	1644.06
124	1628.72
124	1470.13
114	1585.14
124	1828.07
124	1631.55
124	1603.7
52	1919.68
64	2123.47
120	1795.79
124	1613.79
124	1660.2
124	1573.03
124	1522.59
124	1496.36
124	1505.24
124	1450.35
124	1637.2
124	1523.8
88	2634.77
124	1596.03
124	2010.07
124	1533.48
102	1659.79
122	1863.99
104	1545.59
62	1689.25
124	1478.2
124	1627.51
124	1606.12
124	1600.07
30	1331.71
124	1416.45
82	2502.81
124	1658.58
14	675.136
46	1880.54
52	1981.02
30	1336.55
124	1635.18
124	1645.67
90	2395.46
58	1665.85
124	1674.32
124	1575.45
124	1478.6
124	1609.75
124	1603.7
124	1443.9
40	1541.96
124	1579.89
124	1525.41
124	1623.07
44	1692.48
60	1987.07
124	1597.65
124	1594.42
120	1629.12
124	1648.09
124	1495.15
124	1470.13
124	1463.67
124	1392.65
124	1601.28
124	1576.26
70	2163.83
124	1416.45
124	1754.63
124	1627.91
22	1023.4
124	2802.64
72	2421.69
124	1728.4
124	1441.07
124	1660.2
124	1608.54
124	1573.84
36	1491.51
116	1625.9
86	2784.08
124	1634.77
12	579.899
124	2048.82
124	2073.03
20	941.478
58	1976.58
54	1858.34
106	2022.58
46	1772.79
124	1670.29
124	1666.25
122	1342.2
124	1627.91
124	1602.49
124	1573.84
50	1878.11
106	1792.56
124	1648.5
124	1507.25
66	2172.7
56	1883.36
100	1977.79
124	1608.54
124	1638
124	1634.77
124	1604.91
124	1578.68
124	1657.37
124	1534.29
124	1657.78
124	1632.35
48	1758.26
108	2238.48
72	2459.22
124	1611.37
24	1119.85
124	1747.36
124	1599.67
124	1573.03
124	1370.85
124	1608.54
124	1602.49
124	1627.51
50	1830.09
124	1451.97
100	2650.51
124	1564.56
16	742.529
116	2115.4
52	1876.9
10	487.083
124	1969.32
100	2180.78
50	1522.99
66	2209.43
110	2269.15
124	1590.79
86	1578.28
124	1654.55
124	1646.07
124	1626.3
38	1469.72
80	2116.21
124	1682.8
124	1559.71
48	1841.39
50	1810.32
84	2040.74
124	1655.36
124	1659.79
124	1651.72
124	1632.35
124	1627.51
14	675.136
78	2071.01
100	2281.66
124	1747.77
68	2401.92
122	1995.95
94	2409.18
124	1783.68
50	1753.42
124	1579.89
124	1656.57
124	1650.51
28	1067.79
76	1877.71
120	2916.04
124	2292.96
60	2087.56
124	2010.07
124	1959.23
124	1627.91
24	1117.43
124	2116.21
116	3135.17
10	488.294
98	2337.76
70	2336.95
68	2118.23
68	2500.79
124	2110.96
124	1606.12
14	672.715
52	1730.01
94	2525
124	2005.23
44	1726.38
58	2244.94
124	1663.83
124	1576.66
32	1389.42
58	1862.38
64	2097.64
124	1697.73
92	2018.55
124	1708.62
124	1711.45
124	1604.1
22	1010.08
102	2510.88
124	1839.37
124	1763.91
50	1806.28
70	2255.84
56	2011.69
124	1945.1
18	754.635
124	1728.4
124	2328.47
124	1743.73
22	977.394
124	2242.52
124	1732.03
124	1685.62
72	1802.65
106	2315.16
124	1844.22
124	1688.45
8	390.635
122	1880.94
52	1951.96
14	673.926
82	2416.04
48	1748.17
44	1679.16
38	1580.7
36	1476.99
124	1631.95
16	765.531
60	1978.6
78	2303.45
124	1926.54
28	1019.36
46	1789.74
124	1643.65
124	1631.55
36	1444.7
54	1910.4
68	2388.6
124	1636.39
38	1505.64
124	1704.99
124	1644.46
124	1646.88
30	1336.55
102	2426.54
124	1675.94
124	1579.08
38	1466.09
68	2131.95
50	1976.58
124	1658.99
22	1022.19
124	1797
116	3028.63
122	1925.73
14	573.846
54	2098.05
86	2309.91
124	1692.89
74	2504.02
84	2726.37
42	1702.17
124	1552.85
14	672.715
100	2959.22
68	2458.42
8	393.056
44	1722.34
44	1811.93
40	1727.99
44	1804.67
50	2005.64
124	1737.68
16	763.11
50	1908.78
54	1985.86
124	1981.83
22	1020.98
32	1389.42
124	1826.46
124	1698.94
26	1137.6
34	1365.2
102	2703.37
124	1690.46
8	391.845
84	2509.67
66	2067.38
124	1947.12
26	1177.55
76	2478.59
124	1681.99
124	1652.93
18	738.897
60	1899.5
44	1715.08
74	2577.06
26	1204.19
124	2801.84
64	2327.26
124	1765.52
4	198.949
88	2817.57
82	2195.3
124	1802.65
32	1286.92
52	2000.39
42	1736.07
124	1644.46
6	296.608
48	1813.95
36	1444.3
16	765.531
48	1886.19
12	582.32
16	766.742
14	655.766
62	2255.03
124	1727.99
124	1587.56
10	479.819
58	1976.58
124	1858.74
12	581.11
24	1078.68
40	1467.3
56	2268.35
124	1804.26
124	1864.8
26	1053.26
70	2119.44
72	2393.45
22	1034.29
36	1581.1
40	1702.57
38	1585.54
124	1851.48
100	2081.91
38	1656.97
124	1961.65
124	1879.32
18	757.057
26	1062.95
8	393.056
6	296.608
44	1807.09
