6	49.2329
6	48.6276
26	45.1974
84	34.1911
124	14.9378
66	19.3642
124	12.5751
124	13.4277
112	15.4754
124	13.3789
124	11.6866
122	14.0812
124	13.457
124	13.8215
124	13.8443
124	12.4742
124	11.8721
124	12.2627
124	11.6215
124	9.75025
122	8.64321
122	13.3436
122	13.3965
90	18.8502
8	48.8294
66	26.3407
6	48.8294
16	46.4081
34	28.4858
8	48.678
6	48.224
118	18.9326
2	48.8294
4	49.7373
2	49.4347
42	36.7902
20	43.9868
66	28.334
52	34.8837
114	16.0145
124	13.1576
4	48.8294
38	36.5105
112	17.0643
106	20.3145
118	12.9409
124	13.8476
124	12.5686
124	13.265
124	13.8085
124	13.8606
124	12.6727
124	12.8973
120	13.8148
124	13.4147
124	12.9461
124	11.4523
124	12.523
124	12.9624
122	13.9621
124	11.2831
120	12.6109
100	16.0289
108	15.0471
124	13.1283
66	33.9898
124	13.1414
124	11.7712
124	12.2985
124	13.584
124	12.2138
124	12.9428
124	13.3399
44	36.6679
120	13.3036
58	34.7817
124	13.3464
2	50.04
22	42.9962
26	43.5211
4	49.132
66	31.8498
80	29.4439
122	19.6779
60	35.0078
98	20.3545
124	14.378
20	45.258
120	21.8185
124	15.6635
124	15.0192
118	14.5038
64	31.1615
124	13.1186
124	12.5783
82	22.6086
60	30.2729
110	16.2153
124	13.226
124	13.4017
124	13.5254
124	12.6207
124	12.0218
124	13.1967
124	12.139
124	13.0698
124	12.7899
40	35.3508
98	18.0361
70	25.8444
124	13.2357
46	33.8805
124	12.8029
124	13.6425
124	13.1251
44	18.0588
76	17.4535
114	15.8587
116	18.2501
48	34.6379
116	15.5575
104	23.6153
124	12.9819
2	50.04
62	31.0993
60	32.4453
8	48.678
94	20.3019
56	37.6093
92	26.8316
110	16.5602
124	14.173
122	13.2939
8	48.0727
108	18.9406
110	15.8338
124	13.5547
22	44.7572
32	43.2301
124	14.6547
124	13.8541
54	34.8845
86	23.4621
84	18.7266
124	12.5783
124	13.7532
124	13.0014
124	13.1251
124	11.7517
102	16.8936
124	11.742
124	13.1251
124	13.1153
58	30.8784
110	16.6189
60	31.8198
124	13.9875
6	32.5529
94	26.3551
28	42.214
88	25.2906
8	48.678
98	23.3687
70	29.5455
120	15.7787
60	31.5508
108	17.3414
86	26.4747
124	13.6425
2	48.8294
120	14.9683
100	21.5656
2	48.8294
108	17.4647
68	30.9011
122	15.1298
92	26.2877
50	35.367
124	12.7508
10	48.4662
56	35.8077
28	40.0666
116	21.2246
22	32.2105
28	43.5544
124	13.1479
124	13.213
44	32.9167
62	30.1815
124	12.2659
124	13.0209
124	13.086
124	12.6922
124	13.1153
124	10.5769
12	45.7019
102	13.958
100	18.6076
116	22.957
72	29.9915
90	27.1723
74	28.4774
124	12.51
4	48.8294
124	20.0375
24	45.147
118	16.1522
10	48.5872
50	36.3113
70	29.8568
116	14.7226
56	34.0926
52	33.8127
46	38.302
124	13.0502
8	48.3754
122	14.6997
120	16.3605
2	50.04
112	16.7112
80	27.9457
42	33.3984
70	33.0045
70	30.4967
124	13.265
8	49.132
60	31.6046
8	47.6187
104	20.2395
4	49.132
8	49.132
118	14.0592
122	15.2257
32	36.7481
48	36.1932
104	12.7971
124	18.612
124	11.2798
124	12.5002
122	13.1153
124	12.0869
18	45.6682
84	18.3903
116	18.8485
116	15.5366
64	32.8072
90	28.5847
48	37.6309
124	12.5686
8	48.5267
124	13.6458
124	13.9354
122	13.5222
8	48.0727
80	28.1122
116	15.1818
124	16.1126
76	28.1156
46	36.565
64	25.9847
124	12.9851
14	47.4458
124	13.2943
124	13.1544
2	50.04
62	32.4336
58	33.8007
76	27.282
58	34.9069
32	40.317
124	12.7508
4	49.132
66	29.1594
10	37.2475
46	37.223
12	46.3072
22	46.9033
122	14.1209
124	13.7011
24	39.161
70	29.534
96	17.8108
124	15.2047
124	10.0757
124	13.1348
124	12.9819
124	13.1153
10	47.7398
32	25.4109
124	17.0174
124	16.6171
60	31.1876
94	24.3116
40	39.1139
122	13.2542
6	49.2329
120	20.5238
12	47.5178
116	20.6192
10	47.6187
68	29.281
94	24.1743
124	14.736
36	34.7948
78	27.7672
62	33.462
124	13.1934
4	48.8294
48	35.5123
54	34.3016
4	49.4347
40	35.0784
44	39.5019
32	41.9816
48	37.9588
24	44.3903
124	13.2878
4	49.4347
52	31.8803
8	48.8294
24	42.7761
4	48.8294
8	48.3754
64	30.3733
98	21.0833
44	35.3655
50	35.488
116	17.1647
124	13.3106
42	12.4427
120	16.485
40	39.235
86	24.3912
16	39.5477
84	25.7694
124	15.3511
124	13.7597
42	33.6867
58	34.8026
44	38.8415
124	13.2911
4	48.8294
114	17.1968
46	35.8544
120	14.7497
2	50.04
32	41.9816
50	33.2766
100	22.3889
42	38.51
48	36.3698
52	36.0245
124	12.8485
2	49.4347
72	30.4062
54	35.6916
2	50.04
20	39.5881
32	41.0358
20	44.8948
10	47.4976
18	44.9284
124	13.6523
2	50.04
42	33.0045
14	46.581
48	35.4114
4	49.7373
10	47.9819
90	23.4641
110	18.4752
46	38.4424
48	39.9008
32	40.8088
124	13.1739
8	47.77
66	34.2099
34	42.1352
116	17.6761
4	24.4147
40	40.2035
116	16.1002
124	12.7964
30	37.9874
32	39.4469
50	35.0522
82	25.148
10	48.4662
100	25.5002
14	47.7917
108	21.4553
0	50.04
40	39.1442
46	37.1703
104	21.8576
24	45.2983
20	45.0158
16	44.4408
124	13.6621
4	48.8294
40	37.187
32	42.5491
2	49.4347
34	40.7109
0	50.04
2	50.04
2	48.8294
8	48.3754
88	25.1255
26	42.4967
28	44.203
48	38.8668
124	14.1112
2	49.4347
10	46.4081
12	47.4169
8	47.6187
114	15.8977
92	21.7521
32	44.4408
48	37.8074
124	14.1307
2	50.04
10	47.6187
14	46.754
16	47.2404
124	14.326
118	15.6221
40	38.0243
122	13.8794
124	13.5254
0	50.04
16	47.316
0	50.04
0	50.04
22	43.3815
