10	48.8294
10	48.8294
2	50.04
2	50.04
12	48.5267
8	49.132
8	49.132
14	48.224
8	49.132
4	49.7373
4	49.7373
10	48.8294
10	48.8294
18	47.6187
16	47.9214
14	48.224
20	47.316
16	47.9214
16	47.9214
12	48.5267
8	49.132
10	48.8294
14	48.224
24	46.7107
0	50.04
6	49.4347
6	49.4347
8	49.132
8	49.132
12	48.5267
14	48.224
6	49.4347
4	49.7373
10	48.8294
8	49.132
6	49.4347
4	49.7373
16	47.9214
18	47.6187
6	49.4347
12	48.4258
8	49.132
8	49.132
6	49.4347
12	48.5267
8	49.132
14	48.224
8	48.9807
16	47.77
8	49.132
8	49.132
10	48.8294
24	46.3072
6	49.4347
8	49.132
10	48.7083
4	49.7373
12	48.5267
12	48.5267
14	48.224
16	47.6944
6	49.4347
6	49.4347
12	48.5267
16	47.1647
6	49.4347
14	48.1376
8	48.9807
4	49.7373
6	49.4347
12	48.5267
12	48.5267
4	49.7373
2	50.04
8	49.132
6	49.4347
12	48.5267
10	48.8294
10	48.8294
8	49.132
8	49.132
10	48.8294
12	48.5267
16	47.9214
8	49.132
8	49.132
8	48.8294
10	48.8294
10	48.5872
18	47.6187
8	48.8294
6	49.4347
14	48.224
14	48.224
18	47.6187
6	49.4347
14	48.1376
6	49.0311
18	46.2735
10	48.8294
12	48.4258
14	48.0511
28	45.673
8	49.132
10	48.5872
16	47.6944
24	45.8532
8	49.132
10	48.8294
14	48.224
20	44.4105
2	50.04
8	49.132
6	49.4347
18	47.4842
4	49.7373
14	47.9646
16	47.8457
16	47.3917
6	49.4347
14	48.224
6	49.4347
14	47.9646
16	47.9214
14	48.224
16	47.9214
12	48.5267
8	49.132
12	48.5267
8	49.132
6	49.4347
2	50.04
26	45.4768
16	47.9214
12	48.5267
18	47.5515
18	47.4169
12	48.5267
4	49.4347
12	48.4258
10	47.7398
14	48.224
18	46.9461
12	47.6187
74	31.3568
12	48.5267
24	46.5594
18	46.9461
30	44.0271
20	47.316
10	48.4662
28	44.8948
18	46.2735
14	48.1376
12	48.224
8	49.132
66	32.1922
8	49.132
4	49.7373
18	47.6187
6	48.0223
10	48.8294
10	48.8294
16	47.9214
14	46.4945
2	50.04
6	49.4347
10	48.8294
16	46.3324
8	49.132
18	47.5515
6	49.4347
6	49.4347
14	48.1376
16	47.9214
6	49.4347
14	48.224
12	48.5267
42	40.2684
6	49.4347
24	46.3576
4	49.7373
10	47.6187
16	47.9214
22	46.7933
28	45.5866
42	41.652
22	46.8483
14	46.6675
32	43.6084
124	15.7319
12	48.5267
28	43.295
22	46.8483
28	43.5976
12	48.3249
12	46.7107
28	42.8626
30	43.6236
18	47.4169
24	45.0461
34	42.8117
124	14.6774
10	48.8294
24	46.2063
26	45.5699
26	45.5699
2	50.04
22	46.5732
20	46.8318
28	45.2407
12	48.224
16	47.1647
12	48.5267
34	42.0284
6	49.4347
10	48.8294
10	48.8294
12	48.5267
22	46.8483
14	48.224
10	48.4662
20	47.195
20	46.7713
124	14.4627
14	48.0511
18	47.4169
12	48.3249
38	43.5089
8	48.9807
14	48.0511
36	43.6841
24	44.1381
28	44.765
42	40.7584
44	39.722
124	14.5343
4	49.7373
30	41.3772
22	46.4631
56	38.3443
20	47.316
40	42.2919
38	42.6487
42	39.0577
22	45.5276
44	40.2998
32	42.1708
124	13.4212
10	48.8294
26	40.4635
10	48.4662
32	42.133
12	48.5267
12	47.5178
14	47.9646
18	46.2735
12	48.4258
10	48.8294
10	48.7083
88	25.717
12	48.5267
26	46.4081
8	48.8294
16	47.9214
8	49.132
6	49.4347
22	47.0134
16	47.9214
18	46.9461
114	23.0872
24	46.7107
34	44.4497
16	47.6944
50	38.8536
8	49.132
32	44.4029
54	36.7902
62	35.8247
48	37.0172
38	40.7053
38	40.769
124	13.8508
8	49.132
52	38.9812
14	47.9646
56	35.8149
16	47.9214
30	45.601
54	37.672
66	33.5679
40	43.896
34	43.239
68	37.2926
124	13.5059
10	48.8294
28	41.5222
16	47.1647
60	36.9852
10	48.8294
28	44.7218
12	47.6187
40	40.8996
30	43.7043
22	45.1424
16	47.1647
124	13.8671
2	50.04
18	47.1479
20	46.1054
12	48.5267
30	41.9018
14	47.6187
18	46.3408
28	45.5433
28	43.2517
124	16.22
6	49.2329
32	39.4595
22	45.1974
44	40.8501
14	48.224
22	46.4631
52	39.2839
80	29.1261
32	43.9868
44	40.2448
64	36.477
124	13.3887
18	47.4842
96	26.5627
46	39.6267
124	14.7946
20	47.195
34	42.9186
104	27.224
124	14.7751
48	40.3044
90	29.607
50	39.0958
124	14.8337
10	48.8294
48	38.8415
20	46.4686
82	29.8872
8	49.132
18	45.2647
18	47.1479
42	42.1996
16	46.6351
26	46.1287
18	47.0134
124	13.9354
10	48.8294
26	46.1752
28	44.5921
10	48.8294
22	46.9584
22	45.0874
36	40.5678
26	46.1752
30	43.8254
124	14.2381
8	49.132
30	43.4218
20	46.4081
34	43.2034
16	47.9214
30	44.2693
82	29.8724
124	15.3446
38	40.0469
50	40.2338
32	41.8303
124	13.2618
20	40.6777
124	13.5579
114	15.1366
96	19.2694
30	43.6639
124	16.6106
124	14.2674
124	13.1511
38	38.6132
44	33.6413
50	39.3621
124	13.4375
18	47.4842
60	33.1919
22	44.9773
86	29.1212
6	49.2329
24	45.1974
38	39.4628
44	39.0066
10	48.4662
16	47.6944
28	45.0677
112	24.9083
14	48.224
24	45.6514
32	44.5921
12	48.5267
26	45.0112
8	49.132
6	49.4347
14	48.1376
22	47.0134
88	28.6336
34	36.7466
44	42.0057
84	28.6231
124	13.2227
28	42.4879
36	43.4823
24	41.1788
14	47.7917
124	15.439
124	18.4135
52	33.5799
124	15.1721
124	13.3789
18	47.6187
52	36.2961
30	43.8657
26	45.7562
124	16.8449
116	22.5083
18	47.2824
50	37.6672
124	20.3987
6	49.4347
16	47.2404
6	49.4347
14	48.224
12	48.224
